-1.500000000000000000e+02
-1.496996996996996927e+02
-1.493993993993993854e+02
-1.490990990990991065e+02
-1.487987987987987992e+02
-1.484984984984984919e+02
-1.481981981981981846e+02
-1.478978978978979058e+02
-1.475975975975975985e+02
-1.472972972972972912e+02
-1.469969969969969839e+02
-1.466966966966967050e+02
-1.463963963963963977e+02
-1.460960960960960904e+02
-1.457957957957957831e+02
-1.454954954954955042e+02
-1.451951951951951969e+02
-1.448948948948948896e+02
-1.445945945945945823e+02
-1.442942942942943034e+02
-1.439939939939939961e+02
-1.436936936936936888e+02
-1.433933933933933815e+02
-1.430930930930931027e+02
-1.427927927927927954e+02
-1.424924924924924881e+02
-1.421921921921921808e+02
-1.418918918918919019e+02
-1.415915915915915946e+02
-1.412912912912912873e+02
-1.409909909909909800e+02
-1.406906906906907011e+02
-1.403903903903903938e+02
-1.400900900900900865e+02
-1.397897897897897792e+02
-1.394894894894895003e+02
-1.391891891891891930e+02
-1.388888888888888857e+02
-1.385885885885885784e+02
-1.382882882882882996e+02
-1.379879879879879923e+02
-1.376876876876876850e+02
-1.373873873873873777e+02
-1.370870870870870988e+02
-1.367867867867867915e+02
-1.364864864864864842e+02
-1.361861861861861769e+02
-1.358858858858858980e+02
-1.355855855855855907e+02
-1.352852852852852834e+02
-1.349849849849849761e+02
-1.346846846846846972e+02
-1.343843843843843899e+02
-1.340840840840840826e+02
-1.337837837837837753e+02
-1.334834834834834965e+02
-1.331831831831831892e+02
-1.328828828828828819e+02
-1.325825825825825746e+02
-1.322822822822822673e+02
-1.319819819819819884e+02
-1.316816816816816811e+02
-1.313813813813813738e+02
-1.310810810810810949e+02
-1.307807807807807876e+02
-1.304804804804804803e+02
-1.301801801801801730e+02
-1.298798798798798657e+02
-1.295795795795795868e+02
-1.292792792792792795e+02
-1.289789789789789722e+02
-1.286786786786786934e+02
-1.283783783783783861e+02
-1.280780780780780788e+02
-1.277777777777777715e+02
-1.274774774774774784e+02
-1.271771771771771853e+02
-1.268768768768768780e+02
-1.265765765765765707e+02
-1.262762762762762776e+02
-1.259759759759759845e+02
-1.256756756756756772e+02
-1.253753753753753699e+02
-1.250750750750750768e+02
-1.247747747747747695e+02
-1.244744744744744764e+02
-1.241741741741741691e+02
-1.238738738738738761e+02
-1.235735735735735688e+02
-1.232732732732732757e+02
-1.229729729729729684e+02
-1.226726726726726753e+02
-1.223723723723723680e+02
-1.220720720720720749e+02
-1.217717717717717676e+02
-1.214714714714714745e+02
-1.211711711711711672e+02
-1.208708708708708741e+02
-1.205705705705705668e+02
-1.202702702702702737e+02
-1.199699699699699664e+02
-1.196696696696696733e+02
-1.193693693693693660e+02
-1.190690690690690730e+02
-1.187687687687687657e+02
-1.184684684684684726e+02
-1.181681681681681653e+02
-1.178678678678678580e+02
-1.175675675675675649e+02
-1.172672672672672718e+02
-1.169669669669669645e+02
-1.166666666666666572e+02
-1.163663663663663641e+02
-1.160660660660660710e+02
-1.157657657657657637e+02
-1.154654654654654564e+02
-1.151651651651651633e+02
-1.148648648648648702e+02
-1.145645645645645629e+02
-1.142642642642642556e+02
-1.139639639639639626e+02
-1.136636636636636695e+02
-1.133633633633633622e+02
-1.130630630630630549e+02
-1.127627627627627618e+02
-1.124624624624624687e+02
-1.121621621621621614e+02
-1.118618618618618541e+02
-1.115615615615615610e+02
-1.112612612612612679e+02
-1.109609609609609606e+02
-1.106606606606606533e+02
-1.103603603603603602e+02
-1.100600600600600671e+02
-1.097597597597597598e+02
-1.094594594594594525e+02
-1.091591591591591595e+02
-1.088588588588588664e+02
-1.085585585585585591e+02
-1.082582582582582518e+02
-1.079579579579579587e+02
-1.076576576576576656e+02
-1.073573573573573583e+02
-1.070570570570570510e+02
-1.067567567567567579e+02
-1.064564564564564648e+02
-1.061561561561561575e+02
-1.058558558558558502e+02
-1.055555555555555571e+02
-1.052552552552552640e+02
-1.049549549549549567e+02
-1.046546546546546494e+02
-1.043543543543543564e+02
-1.040540540540540633e+02
-1.037537537537537560e+02
-1.034534534534534487e+02
-1.031531531531531556e+02
-1.028528528528528625e+02
-1.025525525525525552e+02
-1.022522522522522479e+02
-1.019519519519519548e+02
-1.016516516516516475e+02
-1.013513513513513544e+02
-1.010510510510510471e+02
-1.007507507507507398e+02
-1.004504504504504467e+02
-1.001501501501501536e+02
-9.984984984984984635e+01
-9.954954954954953905e+01
-9.924924924924924596e+01
-9.894894894894895288e+01
-9.864864864864864558e+01
-9.834834834834833828e+01
-9.804804804804804519e+01
-9.774774774774775210e+01
-9.744744744744744480e+01
-9.714714714714713750e+01
-9.684684684684684441e+01
-9.654654654654655133e+01
-9.624624624624624403e+01
-9.594594594594593673e+01
-9.564564564564564364e+01
-9.534534534534535055e+01
-9.504504504504504325e+01
-9.474474474474473595e+01
-9.444444444444444287e+01
-9.414414414414414978e+01
-9.384384384384384248e+01
-9.354354354354353518e+01
-9.324324324324324209e+01
-9.294294294294294900e+01
-9.264264264264264170e+01
-9.234234234234233440e+01
-9.204204204204204132e+01
-9.174174174174174823e+01
-9.144144144144144093e+01
-9.114114114114113363e+01
-9.084084084084084054e+01
-9.054054054054054745e+01
-9.024024024024024015e+01
-8.993993993993993286e+01
-8.963963963963963977e+01
-8.933933933933934668e+01
-8.903903903903903938e+01
-8.873873873873873208e+01
-8.843843843843843899e+01
-8.813813813813814591e+01
-8.783783783783783861e+01
-8.753753753753753131e+01
-8.723723723723723822e+01
-8.693693693693694513e+01
-8.663663663663663783e+01
-8.633633633633633053e+01
-8.603603603603603744e+01
-8.573573573573573015e+01
-8.543543543543543706e+01
-8.513513513513512976e+01
-8.483483483483483667e+01
-8.453453453453452937e+01
-8.423423423423423628e+01
-8.393393393393392898e+01
-8.363363363363363590e+01
-8.333333333333332860e+01
-8.303303303303303551e+01
-8.273273273273272821e+01
-8.243243243243243512e+01
-8.213213213213212782e+01
-8.183183183183183473e+01
-8.153153153153152743e+01
-8.123123123123123435e+01
-8.093093093093092705e+01
-8.063063063063063396e+01
-8.033033033033032666e+01
-8.003003003003003357e+01
-7.972972972972972627e+01
-7.942942942942943318e+01
-7.912912912912912589e+01
-7.882882882882883280e+01
-7.852852852852852550e+01
-7.822822822822823241e+01
-7.792792792792792511e+01
-7.762762762762763202e+01
-7.732732732732732472e+01
-7.702702702702703164e+01
-7.672672672672672434e+01
-7.642642642642643125e+01
-7.612612612612612395e+01
-7.582582582582583086e+01
-7.552552552552552356e+01
-7.522522522522523047e+01
-7.492492492492492318e+01
-7.462462462462463009e+01
-7.432432432432432279e+01
-7.402402402402402970e+01
-7.372372372372372240e+01
-7.342342342342342931e+01
-7.312312312312312201e+01
-7.282282282282281471e+01
-7.252252252252252163e+01
-7.222222222222221433e+01
-7.192192192192192124e+01
-7.162162162162161394e+01
-7.132132132132132085e+01
-7.102102102102101355e+01
-7.072072072072072046e+01
-7.042042042042041317e+01
-7.012012012012012008e+01
-6.981981981981981278e+01
-6.951951951951951969e+01
-6.921921921921921239e+01
-6.891891891891891930e+01
-6.861861861861861200e+01
-6.831831831831831892e+01
-6.801801801801801162e+01
-6.771771771771771853e+01
-6.741741741741741123e+01
-6.711711711711711814e+01
-6.681681681681681084e+01
-6.651651651651651775e+01
-6.621621621621621046e+01
-6.591591591591591737e+01
-6.561561561561561007e+01
-6.531531531531531698e+01
-6.501501501501500968e+01
-6.471471471471471659e+01
-6.441441441441440929e+01
-6.411411411411411621e+01
-6.381381381381380891e+01
-6.351351351351351582e+01
-6.321321321321320852e+01
-6.291291291291291543e+01
-6.261261261261260813e+01
-6.231231231231231504e+01
-6.201201201201200774e+01
-6.171171171171171466e+01
-6.141141141141140736e+01
-6.111111111111111427e+01
-6.081081081081080697e+01
-6.051051051051051388e+01
-6.021021021021020658e+01
-5.990990990990991349e+01
-5.960960960960960620e+01
-5.930930930930931311e+01
-5.900900900900900581e+01
-5.870870870870871272e+01
-5.840840840840840542e+01
-5.810810810810811233e+01
-5.780780780780780503e+01
-5.750750750750751195e+01
-5.720720720720720465e+01
-5.690690690690691156e+01
-5.660660660660660426e+01
-5.630630630630631117e+01
-5.600600600600600387e+01
-5.570570570570571078e+01
-5.540540540540540349e+01
-5.510510510510511040e+01
-5.480480480480480310e+01
-5.450450450450451001e+01
-5.420420420420420271e+01
-5.390390390390390962e+01
-5.360360360360360232e+01
-5.330330330330329502e+01
-5.300300300300300194e+01
-5.270270270270269464e+01
-5.240240240240240155e+01
-5.210210210210209425e+01
-5.180180180180180116e+01
-5.150150150150149386e+01
-5.120120120120120077e+01
-5.090090090090089348e+01
-5.060060060060060039e+01
-5.030030030030029309e+01
-5.000000000000000000e+01
-4.969969969969969270e+01
-4.939939939939939961e+01
-4.909909909909909231e+01
-4.879879879879879923e+01
-4.849849849849849193e+01
-4.819819819819819884e+01
-4.789789789789789154e+01
-4.759759759759759845e+01
-4.729729729729729115e+01
-4.699699699699699806e+01
-4.669669669669669076e+01
-4.639639639639639768e+01
-4.609609609609609038e+01
-4.579579579579579729e+01
-4.549549549549548999e+01
-4.519519519519519690e+01
-4.489489489489488960e+01
-4.459459459459459651e+01
-4.429429429429428922e+01
-4.399399399399399613e+01
-4.369369369369368883e+01
-4.339339339339339574e+01
-4.309309309309308844e+01
-4.279279279279279535e+01
-4.249249249249248805e+01
-4.219219219219219497e+01
-4.189189189189188767e+01
-4.159159159159159458e+01
-4.129129129129128728e+01
-4.099099099099099419e+01
-4.069069069069068689e+01
-4.039039039039039380e+01
-4.009009009009008651e+01
-3.978978978978979342e+01
-3.948948948948948612e+01
-3.918918918918919303e+01
-3.888888888888888573e+01
-3.858858858858859264e+01
-3.828828828828828534e+01
-3.798798798798799226e+01
-3.768768768768768496e+01
-3.738738738738739187e+01
-3.708708708708708457e+01
-3.678678678678679148e+01
-3.648648648648648418e+01
-3.618618618618619109e+01
-3.588588588588588379e+01
-3.558558558558559071e+01
-3.528528528528528341e+01
-3.498498498498499032e+01
-3.468468468468468302e+01
-3.438438438438437572e+01
-3.408408408408408263e+01
-3.378378378378377533e+01
-3.348348348348348225e+01
-3.318318318318317495e+01
-3.288288288288288186e+01
-3.258258258258257456e+01
-3.228228228228228147e+01
-3.198198198198197417e+01
-3.168168168168168108e+01
-3.138138138138137379e+01
-3.108108108108108070e+01
-3.078078078078077340e+01
-3.048048048048048031e+01
-3.018018018018017301e+01
-2.987987987987987992e+01
-2.957957957957957262e+01
-2.927927927927927954e+01
-2.897897897897897224e+01
-2.867867867867867915e+01
-2.837837837837837185e+01
-2.807807807807807876e+01
-2.777777777777777146e+01
-2.747747747747747837e+01
-2.717717717717717107e+01
-2.687687687687687799e+01
-2.657657657657657069e+01
-2.627627627627627760e+01
-2.597597597597597030e+01
-2.567567567567567721e+01
-2.537537537537536991e+01
-2.507507507507507682e+01
-2.477477477477476953e+01
-2.447447447447447644e+01
-2.417417417417416914e+01
-2.387387387387387605e+01
-2.357357357357356875e+01
-2.327327327327327566e+01
-2.297297297297296836e+01
-2.267267267267267528e+01
-2.237237237237236798e+01
-2.207207207207207489e+01
-2.177177177177176759e+01
-2.147147147147146029e+01
-2.117117117117118141e+01
-2.087087087087087411e+01
-2.057057057057056682e+01
-2.027027027027025952e+01
-1.996996996996998064e+01
-1.966966966966967334e+01
-1.936936936936936604e+01
-1.906906906906905874e+01
-1.876876876876877986e+01
-1.846846846846847257e+01
-1.816816816816816527e+01
-1.786786786786785797e+01
-1.756756756756757909e+01
-1.726726726726727179e+01
-1.696696696696696449e+01
-1.666666666666665719e+01
-1.636636636636637832e+01
-1.606606606606607102e+01
-1.576576576576576372e+01
-1.546546546546545642e+01
-1.516516516516514912e+01
-1.486486486486487024e+01
-1.456456456456456294e+01
-1.426426426426425564e+01
-1.396396396396394834e+01
-1.366366366366366947e+01
-1.336336336336336217e+01
-1.306306306306305487e+01
-1.276276276276274757e+01
-1.246246246246246869e+01
-1.216216216216216139e+01
-1.186186186186185409e+01
-1.156156156156154680e+01
-1.126126126126126792e+01
-1.096096096096096062e+01
-1.066066066066065332e+01
-1.036036036036034602e+01
-1.006006006006006714e+01
-9.759759759759759845e+00
-9.459459459459452546e+00
-9.159159159159145247e+00
-8.858858858858866370e+00
-8.558558558558559071e+00
-8.258258258258251772e+00
-7.957957957957944473e+00
-7.657657657657665595e+00
-7.357357357357358296e+00
-7.057057057057050997e+00
-6.756756756756743698e+00
-6.456456456456464821e+00
-6.156156156156157522e+00
-5.855855855855850223e+00
-5.555555555555542924e+00
-5.255255255255264046e+00
-4.954954954954956747e+00
-4.654654654654649448e+00
-4.354354354354342149e+00
-4.054054054054063272e+00
-3.753753753753755973e+00
-3.453453453453448674e+00
-3.153153153153141375e+00
-2.852852852852862497e+00
-2.552552552552555198e+00
-2.252252252252247899e+00
-1.951951951951940600e+00
-1.651651651651661723e+00
-1.351351351351354424e+00
-1.051051051051047125e+00
-7.507507507507398259e-01
-4.504504504504609486e-01
-1.501501501501536495e-01
1.501501501501536495e-01
4.504504504504609486e-01
7.507507507507398259e-01
1.051051051051047125e+00
1.351351351351354424e+00
1.651651651651661723e+00
1.951951951951940600e+00
2.252252252252247899e+00
2.552552552552555198e+00
2.852852852852862497e+00
3.153153153153141375e+00
3.453453453453448674e+00
3.753753753753755973e+00
4.054054054054063272e+00
4.354354354354370571e+00
4.654654654654649448e+00
4.954954954954956747e+00
5.255255255255264046e+00
5.555555555555571345e+00
5.855855855855850223e+00
6.156156156156157522e+00
6.456456456456464821e+00
6.756756756756772120e+00
7.057057057057050997e+00
7.357357357357358296e+00
7.657657657657665595e+00
7.957957957957972894e+00
8.258258258258251772e+00
8.558558558558559071e+00
8.858858858858866370e+00
9.159159159159173669e+00
9.459459459459452546e+00
9.759759759759759845e+00
1.006006006006006714e+01
1.036036036036037444e+01
1.066066066066065332e+01
1.096096096096096062e+01
1.126126126126126792e+01
1.156156156156157522e+01
1.186186186186185409e+01
1.216216216216216139e+01
1.246246246246246869e+01
1.276276276276277599e+01
1.306306306306305487e+01
1.336336336336336217e+01
1.366366366366366947e+01
1.396396396396397677e+01
1.426426426426425564e+01
1.456456456456456294e+01
1.486486486486487024e+01
1.516516516516517754e+01
1.546546546546545642e+01
1.576576576576576372e+01
1.606606606606607102e+01
1.636636636636637832e+01
1.666666666666665719e+01
1.696696696696696449e+01
1.726726726726727179e+01
1.756756756756757909e+01
1.786786786786785797e+01
1.816816816816816527e+01
1.846846846846847257e+01
1.876876876876877986e+01
1.906906906906905874e+01
1.936936936936936604e+01
1.966966966966967334e+01
1.996996996996998064e+01
2.027027027027025952e+01
2.057057057057056682e+01
2.087087087087087411e+01
2.117117117117118141e+01
2.147147147147146029e+01
2.177177177177176759e+01
2.207207207207207489e+01
2.237237237237238219e+01
2.267267267267266107e+01
2.297297297297296836e+01
2.327327327327327566e+01
2.357357357357358296e+01
2.387387387387389026e+01
2.417417417417416914e+01
2.447447447447447644e+01
2.477477477477478374e+01
2.507507507507509104e+01
2.537537537537536991e+01
2.567567567567567721e+01
2.597597597597598451e+01
2.627627627627629181e+01
2.657657657657657069e+01
2.687687687687687799e+01
2.717717717717718529e+01
2.747747747747749258e+01
2.777777777777777146e+01
2.807807807807807876e+01
2.837837837837838606e+01
2.867867867867869336e+01
2.897897897897897224e+01
2.927927927927927954e+01
2.957957957957958683e+01
2.987987987987989413e+01
3.018018018018017301e+01
3.048048048048048031e+01
3.078078078078078761e+01
3.108108108108109491e+01
3.138138138138137379e+01
3.168168168168168108e+01
3.198198198198198838e+01
3.228228228228229568e+01
3.258258258258257456e+01
3.288288288288288186e+01
3.318318318318318916e+01
3.348348348348349646e+01
3.378378378378377533e+01
3.408408408408408263e+01
3.438438438438438993e+01
3.468468468468469723e+01
3.498498498498497611e+01
3.528528528528528341e+01
3.558558558558559071e+01
3.588588588588589801e+01
3.618618618618617688e+01
3.648648648648648418e+01
3.678678678678679148e+01
3.708708708708709878e+01
3.738738738738737766e+01
3.768768768768768496e+01
3.798798798798799226e+01
3.828828828828829955e+01
3.858858858858857843e+01
3.888888888888888573e+01
3.918918918918919303e+01
3.948948948948950033e+01
3.978978978978977921e+01
4.009009009009008651e+01
4.039039039039039380e+01
4.069069069069070110e+01
4.099099099099097998e+01
4.129129129129128728e+01
4.159159159159159458e+01
4.189189189189190188e+01
4.219219219219218076e+01
4.249249249249248805e+01
4.279279279279279535e+01
4.309309309309310265e+01
4.339339339339340995e+01
4.369369369369368883e+01
4.399399399399399613e+01
4.429429429429430343e+01
4.459459459459461073e+01
4.489489489489488960e+01
4.519519519519519690e+01
4.549549549549550420e+01
4.579579579579581150e+01
4.609609609609609038e+01
4.639639639639639768e+01
4.669669669669670498e+01
4.699699699699701227e+01
4.729729729729729115e+01
4.759759759759759845e+01
4.789789789789790575e+01
4.819819819819821305e+01
4.849849849849849193e+01
4.879879879879879923e+01
4.909909909909910652e+01
4.939939939939941382e+01
4.969969969969969270e+01
5.000000000000000000e+01
5.030030030030030730e+01
5.060060060060061460e+01
5.090090090090089348e+01
5.120120120120120077e+01
5.150150150150150807e+01
5.180180180180181537e+01
5.210210210210209425e+01
5.240240240240240155e+01
5.270270270270270885e+01
5.300300300300301615e+01
5.330330330330329502e+01
5.360360360360360232e+01
5.390390390390390962e+01
5.420420420420421692e+01
5.450450450450449580e+01
5.480480480480480310e+01
5.510510510510511040e+01
5.540540540540541770e+01
5.570570570570569657e+01
5.600600600600600387e+01
5.630630630630631117e+01
5.660660660660661847e+01
5.690690690690689735e+01
5.720720720720720465e+01
5.750750750750751195e+01
5.780780780780781924e+01
5.810810810810809812e+01
5.840840840840840542e+01
5.870870870870871272e+01
5.900900900900902002e+01
5.930930930930929890e+01
5.960960960960960620e+01
5.990990990990991349e+01
6.021021021021022079e+01
6.051051051051049967e+01
6.081081081081080697e+01
6.111111111111111427e+01
6.141141141141142157e+01
6.171171171171172887e+01
6.201201201201200774e+01
6.231231231231231504e+01
6.261261261261262234e+01
6.291291291291292964e+01
6.321321321321320852e+01
6.351351351351351582e+01
6.381381381381382312e+01
6.411411411411413042e+01
6.441441441441440929e+01
6.471471471471471659e+01
6.501501501501502389e+01
6.531531531531533119e+01
6.561561561561561007e+01
6.591591591591591737e+01
6.621621621621622467e+01
6.651651651651653196e+01
6.681681681681681084e+01
6.711711711711711814e+01
6.741741741741742544e+01
6.771771771771773274e+01
6.801801801801801162e+01
6.831831831831831892e+01
6.861861861861862621e+01
6.891891891891893351e+01
6.921921921921921239e+01
6.951951951951951969e+01
6.981981981981982699e+01
7.012012012012013429e+01
7.042042042042041317e+01
7.072072072072072046e+01
7.102102102102102776e+01
7.132132132132133506e+01
7.162162162162161394e+01
7.192192192192192124e+01
7.222222222222222854e+01
7.252252252252253584e+01
7.282282282282281471e+01
7.312312312312312201e+01
7.342342342342342931e+01
7.372372372372373661e+01
7.402402402402401549e+01
7.432432432432432279e+01
7.462462462462463009e+01
7.492492492492493739e+01
7.522522522522521626e+01
7.552552552552552356e+01
7.582582582582583086e+01
7.612612612612613816e+01
7.642642642642641704e+01
7.672672672672672434e+01
7.702702702702703164e+01
7.732732732732733893e+01
7.762762762762761781e+01
7.792792792792792511e+01
7.822822822822823241e+01
7.852852852852853971e+01
7.882882882882881859e+01
7.912912912912912589e+01
7.942942942942943318e+01
7.972972972972974048e+01
8.003003003003001936e+01
8.033033033033032666e+01
8.063063063063063396e+01
8.093093093093094126e+01
8.123123123123124856e+01
8.153153153153152743e+01
8.183183183183183473e+01
8.213213213213214203e+01
8.243243243243244933e+01
8.273273273273272821e+01
8.303303303303303551e+01
8.333333333333334281e+01
8.363363363363365011e+01
8.393393393393392898e+01
8.423423423423423628e+01
8.453453453453454358e+01
8.483483483483485088e+01
8.513513513513512976e+01
8.543543543543543706e+01
8.573573573573574436e+01
8.603603603603605166e+01
8.633633633633633053e+01
8.663663663663663783e+01
8.693693693693694513e+01
8.723723723723725243e+01
8.753753753753753131e+01
8.783783783783783861e+01
8.813813813813814591e+01
8.843843843843845320e+01
8.873873873873873208e+01
8.903903903903903938e+01
8.933933933933934668e+01
8.963963963963965398e+01
8.993993993993993286e+01
9.024024024024024015e+01
9.054054054054054745e+01
9.084084084084085475e+01
9.114114114114113363e+01
9.144144144144144093e+01
9.174174174174174823e+01
9.204204204204205553e+01
9.234234234234233440e+01
9.264264264264264170e+01
9.294294294294294900e+01
9.324324324324325630e+01
9.354354354354353518e+01
9.384384384384384248e+01
9.414414414414414978e+01
9.444444444444445708e+01
9.474474474474473595e+01
9.504504504504504325e+01
9.534534534534535055e+01
9.564564564564565785e+01
9.594594594594593673e+01
9.624624624624624403e+01
9.654654654654655133e+01
9.684684684684685863e+01
9.714714714714713750e+01
9.744744744744744480e+01
9.774774774774775210e+01
9.804804804804805940e+01
9.834834834834833828e+01
9.864864864864864558e+01
9.894894894894895288e+01
9.924924924924926017e+01
9.954954954954953905e+01
9.984984984984984635e+01
1.001501501501501536e+02
1.004504504504504609e+02
1.007507507507507682e+02
1.010510510510510471e+02
1.013513513513513544e+02
1.016516516516516617e+02
1.019519519519519690e+02
1.022522522522522479e+02
1.025525525525525552e+02
1.028528528528528625e+02
1.031531531531531698e+02
1.034534534534534487e+02
1.037537537537537560e+02
1.040540540540540633e+02
1.043543543543543706e+02
1.046546546546546494e+02
1.049549549549549567e+02
1.052552552552552640e+02
1.055555555555555713e+02
1.058558558558558502e+02
1.061561561561561575e+02
1.064564564564564648e+02
1.067567567567567721e+02
1.070570570570570794e+02
1.073573573573573867e+02
1.076576576576576372e+02
1.079579579579579445e+02
1.082582582582582518e+02
1.085585585585585591e+02
1.088588588588588664e+02
1.091591591591591737e+02
1.094594594594594810e+02
1.097597597597597883e+02
1.100600600600600387e+02
1.103603603603603460e+02
1.106606606606606533e+02
1.109609609609609606e+02
1.112612612612612679e+02
1.115615615615615752e+02
1.118618618618618825e+02
1.121621621621621898e+02
1.124624624624624403e+02
1.127627627627627476e+02
1.130630630630630549e+02
1.133633633633633622e+02
1.136636636636636695e+02
1.139639639639639768e+02
1.142642642642642841e+02
1.145645645645645914e+02
1.148648648648648418e+02
1.151651651651651491e+02
1.154654654654654564e+02
1.157657657657657637e+02
1.160660660660660710e+02
1.163663663663663783e+02
1.166666666666666856e+02
1.169669669669669929e+02
1.172672672672672434e+02
1.175675675675675507e+02
1.178678678678678580e+02
1.181681681681681653e+02
1.184684684684684726e+02
1.187687687687687799e+02
1.190690690690690872e+02
1.193693693693693945e+02
1.196696696696697018e+02
1.199699699699699522e+02
1.202702702702702595e+02
1.205705705705705668e+02
1.208708708708708741e+02
1.211711711711711814e+02
1.214714714714714887e+02
1.217717717717717960e+02
1.220720720720721033e+02
1.223723723723723538e+02
1.226726726726726611e+02
1.229729729729729684e+02
1.232732732732732757e+02
1.235735735735735830e+02
1.238738738738738903e+02
1.241741741741741976e+02
1.244744744744745049e+02
1.247747747747747553e+02
1.250750750750750626e+02
1.253753753753753699e+02
1.256756756756756772e+02
1.259759759759759845e+02
1.262762762762762918e+02
1.265765765765765991e+02
1.268768768768769064e+02
1.271771771771771569e+02
1.274774774774774642e+02
1.277777777777777715e+02
1.280780780780780788e+02
1.283783783783783861e+02
1.286786786786786934e+02
1.289789789789790007e+02
1.292792792792793080e+02
1.295795795795795584e+02
1.298798798798798657e+02
1.301801801801801730e+02
1.304804804804804803e+02
1.307807807807807876e+02
1.310810810810810949e+02
1.313813813813814022e+02
1.316816816816817095e+02
1.319819819819819600e+02
1.322822822822822673e+02
1.325825825825825746e+02
1.328828828828828819e+02
1.331831831831831892e+02
1.334834834834834965e+02
1.337837837837838038e+02
1.340840840840841111e+02
1.343843843843843615e+02
1.346846846846846688e+02
1.349849849849849761e+02
1.352852852852852834e+02
1.355855855855855907e+02
1.358858858858858980e+02
1.361861861861862053e+02
1.364864864864865126e+02
1.367867867867867631e+02
1.370870870870870704e+02
1.373873873873873777e+02
1.376876876876876850e+02
1.379879879879879923e+02
1.382882882882882996e+02
1.385885885885886069e+02
1.388888888888889142e+02
1.391891891891892215e+02
1.394894894894894719e+02
1.397897897897897792e+02
1.400900900900900865e+02
1.403903903903903938e+02
1.406906906906907011e+02
1.409909909909910084e+02
1.412912912912913157e+02
1.415915915915916230e+02
1.418918918918918735e+02
1.421921921921921808e+02
1.424924924924924881e+02
1.427927927927927954e+02
1.430930930930931027e+02
1.433933933933934100e+02
1.436936936936937173e+02
1.439939939939940245e+02
1.442942942942942750e+02
1.445945945945945823e+02
1.448948948948948896e+02
1.451951951951951969e+02
1.454954954954955042e+02
1.457957957957958115e+02
1.460960960960961188e+02
1.463963963963964261e+02
1.466966966966966766e+02
1.469969969969969839e+02
1.472972972972972912e+02
1.475975975975975985e+02
1.478978978978979058e+02
1.481981981981982130e+02
1.484984984984985203e+02
1.487987987987988276e+02
1.490990990990990781e+02
1.493993993993993854e+02
1.496996996996996927e+02
1.500000000000000000e+02
