4.381131470034660413e-03
4.415791178961459007e-03
4.449818282562800764e-03
4.483203118147094379e-03
4.515936119746433164e-03
4.548007820939670154e-03
4.579408856466904432e-03
4.610129964468023811e-03
4.640161988536062321e-03
4.669495879500329405e-03
4.698122697463835706e-03
4.726033613968505520e-03
4.753219913660011731e-03
4.779672996275519115e-03
4.805384378540888957e-03
4.830345696078264250e-03
4.854548705003236542e-03
4.877985284060304405e-03
4.900647436171190474e-03
4.922527290156242241e-03
4.943617102787012385e-03
4.963909260025933801e-03
4.983396279014118413e-03
5.002070809657310768e-03
5.019925636259081614e-03
5.036953679031064279e-03
5.053147995687790051e-03
5.068501783122680848e-03
5.083008378731934673e-03
5.096661261957791123e-03
5.109454055850670695e-03
5.121380528276930910e-03
5.132434593667078992e-03
5.142610313873530181e-03
5.151901900059541184e-03
5.160303713673264348e-03
5.167810267673600411e-03
5.174416228093892123e-03
5.180116415013757969e-03
5.184905803801320712e-03
5.188779526317133239e-03
5.191732872006915578e-03
5.193761288981024737e-03
-5.194860385115018797e-03
-5.195025929218610727e-03
-5.194253851708685588e-03
-5.192540245772925278e-03
-5.189881368555693264e-03
-5.186273641523797551e-03
-5.181713651891961536e-03
-5.176198153164834892e-03
-5.169724065922920442e-03
-5.162288478798293667e-03
-5.153888649180038417e-03
-5.144522003697304946e-03
-5.134186139255481063e-03
-5.122878823548393523e-03
-5.110597995507115687e-03
-5.097341766260754525e-03
-5.083108419255799593e-03
-5.067896411166172843e-03
-5.051704372156073930e-03
-5.034531106461404004e-03
-5.016375592714727993e-03
-4.997236984517428038e-03
-4.977114610502819669e-03
-4.956007974937781668e-03
-4.933916757912826245e-03
-4.910840815734951459e-03
-4.886780180809069396e-03
-4.861735062397454232e-03
-4.835705846178872669e-03
-4.808693094850213789e-03
-4.780697547972723171e-03
-4.751720122212754749e-03
-4.721761911168242953e-03
-4.690824185597797236e-03
-4.658908393336325116e-03
-4.626016159064549882e-03
-4.592149284504520868e-03
-4.557309747953597334e-03
-4.521499704595088875e-03
-4.484721485794151974e-03
-4.446977599333767905e-03
-4.408270728713581388e-03
-4.368603733376941189e-03
-4.327979647929469653e-03
-4.286401682229656895e-03
-4.243873220622973452e-03
-4.200397821752910321e-03
-4.155979217988603480e-03
-4.110621315337348314e-03
-4.064328192310784349e-03
-4.017104099941160023e-03
-3.968953460914859122e-03
-3.919880869279745994e-03
-3.869891089393173722e-03
-3.818989055844435043e-03
-3.767179872044057465e-03
-3.714468810295079582e-03
-3.660861310515961531e-03
-3.606362979652610878e-03
-3.550979590914216111e-03
-3.494717082945408837e-03
-3.437581558837166096e-03
-3.379579285465561522e-03
-3.320716692409020343e-03
-3.261000371008904164e-03
-3.200437073668016552e-03
-3.139033712438843438e-03
-3.076797358370741975e-03
-3.013735240198656129e-03
-2.949854743542423829e-03
-2.885163409396540590e-03
-2.819668933567831548e-03
-2.753379164987190819e-03
-2.686302104907556387e-03
-2.618445905332278389e-03
-2.549818868251174653e-03
-2.480429443962872682e-03
-2.410286229999447638e-03
-2.339397969872758498e-03
-2.267773551546559130e-03
-2.195422006285807637e-03
-2.122352507109626085e-03
-2.048574367574829136e-03
-1.974097040112532397e-03
-1.898930114887342757e-03
-1.823083317919638180e-03
-1.746566510076597023e-03
-1.669389685225897146e-03
-1.591562968602910910e-03
-1.513096615695486147e-03
-1.434001010356011907e-03
-1.354286663035886296e-03
-1.273964209599576236e-03
-1.193044409384391713e-03
-1.111538143558243874e-03
-1.029456413583818009e-03
-9.468103393253657352e-04
-8.636111575315297273e-04
-7.798702198836271471e-04
-6.955989913952076442e-04
-6.108090486138251229e-04
-5.255120778034361173e-04
-4.397198729350626500e-04
-3.534443343924387193e-04
-2.666974665618271345e-04
-1.794913761788974327e-04
-9.183827059516813662e-05
-3.750455597806290342e-06
8.475966618654018347e-05
1.736795975033622597e-04
2.629967481120321082e-04
3.526984372583807925e-04
4.427718948916692376e-04
5.332042642202106109e-04
6.239826036203433013e-04
7.150938884526447659e-04
8.065250132026635654e-04
8.982627935900100447e-04
9.902939683646971858e-04
1.082605201716380083e-03
1.175183085092346147e-03
1.268014139241879779e-03
1.361084816581314971e-03
1.454381503006252352e-03
1.547890520147088278e-03
1.641598127474663826e-03
1.735490524421623437e-03
1.829553852380705337e-03
1.923774197369054750e-03
2.018137591260737995e-03
2.112630014984517857e-03
2.207237399873107631e-03
2.301945630250878949e-03
2.396740545708542225e-03
2.491607942793294672e-03
2.586533577808469708e-03
2.681503168572685336e-03
2.776502396953428597e-03
2.871516910693427960e-03
2.966532326057425006e-03
3.061534229581830413e-03
3.156508180883810244e-03
3.251439714265391689e-03
3.346314341509282198e-03
3.441117553535599782e-03
3.535834823084837986e-03
3.630451606959905764e-03
3.724953347857384856e-03
3.819325476993706836e-03
3.913553416128701112e-03
4.007622579947967001e-03
4.101518378283375288e-03
4.195226218233261140e-03
4.288731506419507511e-03
4.382019651395674398e-03
4.475076065724226115e-03
4.567886168261314772e-03
4.660435386378058986e-03
4.752709158058643357e-03
4.844692934519501115e-03
4.936372181996495634e-03
5.027732384075056515e-03
5.118759044170972938e-03
5.209437687430096275e-03
5.299753862891776190e-03
5.389693146233387466e-03
5.479241141139068461e-03
5.568383482187799771e-03
5.657105836753051342e-03
5.745393907106433051e-03
5.833233432759654669e-03
5.920610192531094995e-03
6.007510006719896101e-03
6.093918739203674217e-03
6.179822299843928946e-03
6.265206646118515188e-03
6.350057785837470714e-03
6.434361778725972147e-03
6.518104738874042070e-03
6.601272836657512411e-03
6.683852301045956068e-03
6.765829421250035836e-03
6.847190549423731731e-03
6.927922102021644157e-03
7.008010562304600732e-03
7.087442482323513815e-03
7.166204484736427016e-03
7.244283265018414131e-03
7.321665593331472266e-03
7.398338316663366498e-03
7.474288360535263909e-03
7.549502731200807837e-03
7.623968517599000183e-03
7.697672893039519959e-03
7.770603117337737675e-03
7.842746538702538572e-03
7.914090595416478635e-03
7.984622818148157108e-03
8.054330831241962585e-03
8.123202355029168764e-03
8.191225207417773824e-03
8.258387305717374005e-03
8.324676668694519499e-03
8.390081417792405460e-03
8.454589779612720069e-03
8.518190086935828464e-03
8.580870781187799334e-03
8.642620413398249823e-03
8.703427646617745150e-03
8.763281256941979347e-03
8.822170135709517247e-03
8.880083290887519354e-03
8.937009848513310928e-03
8.992939054761506235e-03
9.047860277168140453e-03
9.101763006345964246e-03
9.154636857465980881e-03
9.206471571885643801e-03
9.257257018510656188e-03
9.306983195487117388e-03
9.355640231359929615e-03
9.403218387109446574e-03
9.449708056747940788e-03
9.495099769476045282e-03
9.539384190763888771e-03
9.582552123577336989e-03
9.624594510094508504e-03
9.665502432770645136e-03
9.705267115643012588e-03
9.743879925783682783e-03
9.781332374449336342e-03
9.817616118389160818e-03
9.852722960897064564e-03
9.886644853391302057e-03
9.919373896175254224e-03
9.950902339801004359e-03
9.981222586343541092e-03
1.001032719010658267e-02
1.003820885916406613e-02
1.006486045624027659e-02
1.009027499966935748e-02
1.011444566450975246e-02
1.013736578370016961e-02
1.015902884876501711e-02
1.017942851088515788e-02
1.019855858198709386e-02
1.021641303544962298e-02
1.023298600705213612e-02
1.024827179592596726e-02
1.026226486528852844e-02
1.027495984331494583e-02
1.028635152404805408e-02
1.029643486788472950e-02
1.030520500267567696e-02
1.031265722426549791e-02
1.031878699709548597e-02
1.032358995523025014e-02
1.032706190263088519e-02
1.032919881405913731e-02
1.032999683562091375e-02
-1.032945228526932491e-02
-1.032756165351028654e-02
-1.032432160385338138e-02
-1.031972897322575022e-02
-1.031378077287942174e-02
-1.030647418831887041e-02
-1.029780658016293815e-02
-1.028777548441406342e-02
-1.027637861281044396e-02
-1.026361385323271147e-02
-1.024947927025887662e-02
-1.023397310521945158e-02
-1.021709377656015993e-02
-1.019883988023073673e-02
-1.017921018998529936e-02
-1.015820365746150644e-02
-1.013581941248270502e-02
-1.011205676310816814e-02
-1.008691519616949916e-02
-1.006039437700390060e-02
-1.003249414976403742e-02
-1.000321453756364276e-02
-9.972555742365163400e-03
-9.940518145314602982e-03
-9.907102306445425555e-03
-9.872308964958387278e-03
-9.836139039012592455e-03
-9.798593625844509436e-03
-9.759674001466434046e-03
-9.719381620960920731e-03
-9.677718117888700622e-03
-9.634685304596934952e-03
-9.590285171820422949e-03
-9.544519888575186961e-03
-9.497391801816579271e-03
-9.448903436578115489e-03
-9.399057495291573971e-03
-9.347856857688463528e-03
-9.295304580703767083e-03
-9.241403897915279053e-03
-9.186158219221418619e-03
-9.129571130651104038e-03
-9.071646393815968601e-03
-9.012387945505351272e-03
-8.951799897546519613e-03
-8.889886535923818833e-03
-8.826652320625349990e-03
-8.762101885103013021e-03
-8.696240035565905302e-03
-8.629071750734407242e-03
-8.560602181098164731e-03
-8.490836648453292668e-03
-8.419780645103847050e-03
-8.347439833569947343e-03
-8.273820045636481879e-03
-8.198927281883150453e-03
-8.122767710963263443e-03
-8.045347668756475112e-03
-7.966673658067635611e-03
-7.886752347252112827e-03
-7.805590570092946212e-03
-7.723195324402576389e-03
-7.639573771968388716e-03
-7.554733236868227397e-03
-7.468681205467564421e-03
-7.381425324790413800e-03
-7.292973402320102050e-03
-7.203333404544376428e-03
-7.112513456438929182e-03
-7.020521840307103467e-03
-6.927366994769867947e-03
-6.833057514154694534e-03
-6.737602146988763696e-03
-6.641009795485708356e-03
-6.543289513974037686e-03
-6.444450508466592620e-03
-6.344502134913609925e-03
-6.243453898802098223e-03
-6.141315453499773813e-03
-6.038096599438824708e-03
-5.933807282847869402e-03
-5.828457594660552132e-03
-5.722057769204536015e-03
-5.614618183296948839e-03
-5.506149354659706230e-03
-5.396661941011127173e-03
-5.286166738705244672e-03
-5.174674681354907158e-03
-5.062196838694410506e-03
-4.948744415317285483e-03
-4.834328749318217433e-03
-4.718961310755276362e-03
-4.602653700792713742e-03
-4.485417649900014236e-03
-4.367265016668120392e-03
-4.248207786362534488e-03
-4.128258069655166285e-03
-4.007428101040710899e-03
-3.885730237451312519e-03
-3.763176956970593068e-03
-3.639780857086216681e-03
-3.515554653483021763e-03
-3.390511178298860617e-03
-3.264663379060339654e-03
-3.138024316529541835e-03
-3.010607163707990086e-03
-2.882425204103700178e-03
-2.753491830257137618e-03
-2.623820541796606509e-03
-2.493424944644384578e-03
-2.362318748526270884e-03
-2.230515765988316801e-03
-2.098029910606091786e-03
-1.964875195265447516e-03
-1.831065730502345890e-03
-1.696615723099814677e-03
-1.561539474325801535e-03
-1.425851377925058117e-03
-1.289565919083801582e-03
-1.152697671940094981e-03
-1.015261298742464735e-03
-8.772715473851500079e-04
-7.387432502004021018e-04
-5.996913219784016924e-04
-4.601307582055569334e-04
-3.200766335127447348e-04
-1.795440996317232418e-04
-3.854838397998605615e-05
1.028952125152748920e-04
2.447713167637588505e-04
3.870644858980920588e-04
5.297592082940116853e-04
6.728399061295409211e-04
8.162909367177562103e-04
9.600965944618899961e-04
1.104241112768133970e-03
1.248708665975539756e-03
1.393483370724535320e-03
1.538549288316204411e-03
1.683890426413148234e-03
1.829490740743289212e-03
1.975334137201245621e-03
2.121404473459542750e-03
2.267685561210541767e-03
2.414161167572537181e-03
2.560815017479844968e-03
2.707630795063253881e-03
2.854592146043388734e-03
3.001682679127704034e-03
3.148885968469461449e-03
3.296185555027697500e-03
3.443564948765243106e-03
3.591007630658671346e-03
3.738497054189382496e-03
3.886016647851875394e-03
4.033549816414294664e-03
4.181079943472498783e-03
4.328590392762898809e-03
4.476064510745558778e-03
4.623485627792356389e-03
4.770837060745103386e-03
4.918102114430666916e-03
5.065264083925935523e-03
5.212306255899745722e-03
5.359211911385663996e-03
5.505964326900814054e-03
5.652546776811151474e-03
5.798942535283901911e-03
5.945134877792468409e-03
6.091107083583402471e-03
6.236842437108369719e-03
6.382324230384872621e-03
6.527535764402403462e-03
6.672460351550169033e-03
6.817081317112394512e-03
6.961382001511806639e-03
7.105345761746095778e-03
7.248955974025639293e-03
7.392196034836484575e-03
7.535049363309898052e-03
7.677499403134724343e-03
7.819529624243148902e-03
7.961123524796720474e-03
8.102264632946332146e-03
8.242936508906728577e-03
8.383122746617899246e-03
8.522806975714725120e-03
8.661972863275579915e-03
8.800604115862975529e-03
8.938684481151037975e-03
9.076197749852077390e-03
9.213127757659311801e-03
9.349458386646858354e-03
9.485173567670701633e-03
9.620257281766464441e-03
9.754693562215144276e-03
9.888466495794612232e-03
1.002156022540867664e-02
1.015395895117937597e-02
1.028564693243438910e-02
1.041660848952691287e-02
1.054682800555339917e-02
1.067628992788260955e-02
1.080497877041353139e-02
1.093287911464285722e-02
1.105997561183597044e-02
1.118625298458919559e-02
1.131169602841930466e-02
1.143628961374265618e-02
1.156001868713907310e-02
1.168286827341963319e-02
1.180482347694206124e-02
1.192586948351470610e-02
1.204599156176672237e-02
1.216517506514180891e-02
1.228340543299938359e-02
1.240066819279433963e-02
1.251694896105765009e-02
1.263223344539798898e-02
1.274650744612676467e-02
1.285975685722273720e-02
1.297196766870500895e-02
1.308312596722993604e-02
1.319321793859989933e-02
1.330222986839840749e-02
1.341014814393942656e-02
1.351695925559642797e-02
1.362264979846344870e-02
1.372720647338981914e-02
1.383061608890034933e-02
1.393286556224831996e-02
1.403394192090429149e-02
1.413383230420306447e-02
1.423252396429375288e-02
1.433000426795821847e-02
1.442626069751756779e-02
1.452128085260756540e-02
1.461505245108957185e-02
1.470756333068101718e-02
1.479880145003936720e-02
1.488875489022900567e-02
1.497741185576945133e-02
1.506476067612022574e-02
1.515078980661832553e-02
1.523548783014450070e-02
1.531884345776352019e-02
1.540084553037873727e-02
1.548148301970198037e-02
1.556074502948212590e-02
1.563862079647593273e-02
1.571509969196543954e-02
1.579017122234266379e-02
1.586382503064670546e-02
1.593605089743954650e-02
1.600683874195713008e-02
1.607617862303140077e-02
1.614406074023561066e-02
1.621047543492210030e-02
1.627541319113123830e-02
1.633886463659139920e-02
1.640082054375963105e-02
1.646127183072887412e-02
1.652020956216354586e-02
1.657762495021358751e-02
1.663350935549212650e-02
1.668785428773511548e-02
1.674065140698066667e-02
1.679189252423285428e-02
1.684156960245236645e-02
1.688967475704278298e-02
1.693620025706693566e-02
1.698113852582372463e-02
1.702448214158341910e-02
1.706622383853217961e-02
1.710635650721797907e-02
1.714487319562424394e-02
1.718176710951108133e-02
1.721703161349830147e-02
1.725066023130078507e-02
1.728264664677964246e-02
1.731298470430359115e-02
1.734166840949608046e-02
1.736869192988366173e-02
1.739404959538054518e-02
1.741773589884182405e-02
1.743974549671134522e-02
1.746007320956632913e-02
1.747871402254824735e-02
1.749566308590655428e-02
1.751091571555696280e-02
1.752446739338719972e-02
1.753631376789271945e-02
1.754645065446269747e-02
1.755487403589339745e-02
1.756158006282709794e-02
1.756656505399489809e-02
1.756982549672347904e-02
1.757135804715476146e-02
-1.757115953073351555e-02
-1.756922694246210170e-02
-1.756555744718896195e-02
-1.756014837983943533e-02
-1.755299724579140186e-02
-1.754410172112652599e-02
-1.753345965276875695e-02
-1.752106905876821275e-02
-1.750692812855891844e-02
-1.749103522294453983e-02
-1.747338887461946655e-02
-1.745398778787848881e-02
-1.743283083917485099e-02
-1.740991707698447133e-02
-1.738524572192501338e-02
-1.735881616701445695e-02
-1.733062797753781581e-02
-1.730068089126729491e-02
-1.726897481832617709e-02
-1.723550984140859166e-02
-1.720028621567465388e-02
-1.716330436875168619e-02
-1.712456490069319548e-02
-1.708406858398553441e-02
-1.704181636346896456e-02
-1.699780935626854506e-02
-1.695204885160195296e-02
-1.690453631094518405e-02
-1.685527336769088169e-02
-1.680426182688216086e-02
-1.675150366543654012e-02
-1.669700103163290761e-02
-1.664075624526456521e-02
-1.658277179697764669e-02
-1.652305034860102051e-02
-1.646159473235769832e-02
-1.639840795115721228e-02
-1.633349317785609545e-02
-1.626685375529979272e-02
-1.619849319592897574e-02
-1.612841518144447761e-02
-1.605662356255921352e-02
-1.598312235840332329e-02
-1.590791575667410696e-02
-1.583100811267140751e-02
-1.575240394947141631e-02
-1.567210795695173076e-02
-1.559012499199141644e-02
-1.550646007744083121e-02
-1.542111840219662078e-02
-1.533410532039458651e-02
-1.524542635107656308e-02
-1.515508717757335644e-02
-1.506309364725816335e-02
-1.496945177075253985e-02
-1.487416772158045575e-02
-1.477724783548067800e-02
-1.467869860983878061e-02
-1.457852670336806655e-02
-1.447673893512607668e-02
-1.437334228423736704e-02
-1.426834388903369666e-02
-1.416175104654460171e-02
-1.405357121188222091e-02
-1.394381199754934908e-02
-1.383248117248125908e-02
-1.371958666188449749e-02
-1.360513654610567835e-02
-1.348913906002596752e-02
-1.337160259244996041e-02
-1.325253568510564861e-02
-1.313194703216430392e-02
-1.300984547929712187e-02
-1.288624002286536951e-02
-1.276113980911264267e-02
-1.263455413366798563e-02
-1.250649244002965954e-02
-1.237696431952173270e-02
-1.224597950977340810e-02
-1.211354789436192014e-02
-1.197967950153683292e-02
-1.184438450346297911e-02
-1.170767321543464412e-02
-1.156955609468995894e-02
-1.143004373982331456e-02
-1.128914688940696465e-02
-1.114687642148637359e-02
-1.100324335214575289e-02
-1.085825883491597921e-02
-1.071193415945642657e-02
-1.056428075098014840e-02
-1.041531016848340485e-02
-1.026503410459561616e-02
-1.011346438393784242e-02
-9.960612962018389194e-03
-9.806491924738924837e-03
-9.651113486586870849e-03
-9.494489990072629837e-03
-9.336633904315994048e-03
-9.177557824162463351e-03
-9.017274468752389804e-03
-8.855796680601324411e-03
-8.693137424437669125e-03
-8.529309785962280177e-03
-8.364326970546898110e-03
-8.198202302340362735e-03
-8.030949222879835148e-03
-7.862581289851899857e-03
-7.693112175954919252e-03
-7.522555667530350654e-03
-7.350925663628660178e-03
-7.178236174254448709e-03
-7.004501319681444294e-03
-6.829735328625241575e-03
-6.653952537437224368e-03
-6.477167388311499963e-03
-6.299394428504301313e-03
-6.120648308582998798e-03
-5.940943781428842385e-03
-5.760295700473705427e-03
-5.578719018925204498e-03
-5.396228788034307389e-03
-5.212840155618347904e-03
-5.028568365150254404e-03
-4.843428753804834841e-03
-4.657436751642207717e-03
-4.470607879666466111e-03
-4.282957748939608678e-03
-4.094502058535121058e-03
-3.905256594948447457e-03
-3.715237229713397316e-03
-3.524459918764044630e-03
-3.332940700364106501e-03
-3.140695694234973967e-03
-2.947741099666167930e-03
-2.754093193931606010e-03
-2.559768331494127747e-03
-2.364782941538523531e-03
-2.169153527443290486e-03
-1.972896664513612563e-03
-1.776028998993484098e-03
-1.578567246198814278e-03
-1.380528189236340797e-03
-1.181928677160604124e-03
-9.827856240731680515e-04
-7.831160065480680110e-04
-5.829368633405440647e-04
-3.822652927618075402e-04
-1.811184515245201077e-04
2.048644649182973509e-05
2.225321324608731111e-04
4.250012836463645804e-04
6.278765253483475917e-04
8.311404320690551906e-04
1.034775529761722268e-03
1.238764296588923397e-03
1.443089165299338283e-03
1.647732524293621381e-03
1.852676719544477102e-03
2.057904056034731699e-03
2.263396799341232946e-03
2.469137177594005195e-03
2.675107382512309506e-03
2.881289571682377204e-03
3.087665869578593014e-03
3.294218369762125231e-03
3.500929135863861674e-03
3.707780203957511400e-03
3.914753583580232732e-03
4.121831259754404897e-03
4.328995194273710378e-03
4.536227327878172844e-03
4.743509581290217270e-03
4.950823857173825004e-03
5.158152041992714043e-03
5.365476007098635147e-03
5.572777611011103804e-03
5.780038700395673246e-03
5.987241112491714645e-03
6.194366675918161480e-03
6.401397213078585668e-03
6.608314541159565625e-03
6.815100474454993673e-03
7.021736825251589931e-03
7.228205406271170919e-03
7.434488031561270471e-03
7.640566518680447228e-03
7.846422690207577322e-03
8.052038375135406323e-03
8.257395411003731756e-03
8.462475644859246415e-03
8.667260935650178411e-03
8.871733155208560984e-03
9.075874190388244500e-03
9.279665944160908619e-03
9.483090337913724355e-03
9.686129312349744946e-03
9.888764829755536390e-03
1.009097887504123436e-02
1.029275345794189445e-02
1.049407061410728703e-02
1.069491240685643829e-02
1.089526092910242383e-02
1.109509830446608891e-02
1.129440668922782054e-02
1.149316827362922844e-02
1.169136528385061879e-02
1.188897998306059911e-02
1.208599467359161572e-02
1.228239169777844975e-02
1.247815344041858232e-02
1.267326232935916952e-02
1.286770083808397303e-02
1.306145148619175522e-02
1.325449684168000797e-02
1.344681952236687072e-02
1.363840219712081359e-02
1.382922758769256077e-02
1.401927846998879401e-02
1.420853767588187155e-02
1.439698809418898939e-02
1.458461267296118358e-02
1.477139442005231951e-02
1.495731640544512020e-02
1.514236176199612594e-02
1.532651368753740195e-02
1.550975544577837262e-02
1.569207036807906963e-02
1.587344185496003535e-02
1.605385337709502869e-02
1.623328847741867254e-02
1.641173077170088312e-02
1.658916395080989314e-02
1.676557178139898019e-02
1.694093810780433751e-02
1.711524685301096804e-02
1.728848202049321214e-02
1.746062769502065848e-02
1.763166804453525360e-02
1.780158732108211295e-02
1.797036986234384903e-02
1.813800009310861938e-02
1.830446252610318236e-02
1.846974176393062494e-02
1.863382249980649608e-02
1.879668951911450669e-02
1.895832770065647432e-02
1.911872201800574045e-02
1.927785754028904508e-02
1.943571943430383309e-02
1.959229296470960113e-02
1.974756349616962892e-02
1.990151649392213340e-02
2.005413752524320969e-02
2.020541226070848850e-02
2.035532647512822146e-02
2.050386604902704191e-02
2.065101696943261178e-02
2.079676533135077499e-02
2.094109733864907286e-02
2.108399930540677536e-02
2.122545765672823048e-02
2.136545893027558263e-02
2.150398977670875400e-02
2.164103696162067436e-02
2.177658736570026177e-02
2.191062798639209497e-02
2.204314593881012696e-02
2.217412845655603038e-02
2.230356289307566797e-02
2.243143672225500485e-02
2.255773753982526220e-02
2.268245306402189021e-02
2.280557113675724112e-02
2.292707972440588549e-02
2.304696691902591299e-02
2.316522093891476564e-02
2.328183012977419475e-02
2.339678296560482318e-02
2.351006804963545749e-02
2.362167411504284553e-02
2.373159002580527144e-02
2.383980477793529174e-02
2.394630749982451512e-02
2.405108745351486332e-02
2.415413403513561041e-02
2.425543677611052829e-02
2.435498534353358613e-02
2.445276954134634195e-02
2.454877931078724984e-02
2.464300473145991655e-02
2.473543602173799982e-02
2.482606353989097459e-02
2.491487778439027689e-02
2.500186939493770355e-02
2.508702915316834980e-02
2.517034798293266151e-02
2.525181695165468199e-02
2.533142727027354324e-02
2.540917029435107999e-02
2.548503752468711525e-02
2.555902060770848250e-02
2.563111133620321613e-02
2.570130165005873879e-02
2.576958363663406359e-02
2.583594953148410367e-02
2.590039171882951852e-02
2.596290273218399003e-02
2.602347525478981849e-02
2.608210212034706155e-02
2.613877631325012274e-02
2.619349096933559773e-02
2.624623937626974213e-02
2.629701497398689858e-02
2.634581135523506035e-02
2.639262226604804917e-02
2.643744160605565607e-02
2.648026342901549368e-02
2.652108194331154190e-02
2.655989151220355948e-02
2.659668665417014299e-02
2.663146204364652547e-02
2.666421251097472744e-02
2.669493304306885806e-02
2.672361878350976161e-02
2.675026503316901838e-02
2.677486725021260838e-02
2.679742105074578440e-02
2.681792220878548294e-02
2.683636665686739420e-02
2.685275048603141812e-02
2.686706994633714096e-02
2.687932144697197101e-02
2.688950155645408735e-02
2.689760700300503071e-02
2.690363467476580839e-02
2.690758161983008989e-02
2.690944504658049352e-02
2.690922232393561098e-02
-2.690691098128233927e-02
-2.690250870896609969e-02
-2.689601335817193295e-02
-2.688742294117973941e-02
-2.687673563143611055e-02
-2.686394976381722977e-02
-2.684906383453339318e-02
-2.683207650142532819e-02
-2.681298658381453537e-02
-2.679179306287088336e-02
-2.676849508136397437e-02
-2.674309194397012091e-02
-2.671558311716126788e-02
-2.668596822929625301e-02
-2.665424707059094178e-02
-2.662041959323008244e-02
-2.658448591118994786e-02
-2.654644630045260856e-02
-2.650630119874952673e-02
-2.646405120570283209e-02
-2.641969708262231764e-02
-2.637323975264399545e-02
-2.632468030046553054e-02
-2.627401997238248965e-02
-2.622126017616455140e-02
-2.616640248096036014e-02
-2.610944861721364862e-02
-2.605040047638307321e-02
-2.598926011112517864e-02
-2.592602973486507478e-02
-2.586071172173431965e-02
-2.579330860640877132e-02
-2.572382308399157047e-02
-2.565225800967935177e-02
-2.557861639879288607e-02
-2.550290142638189650e-02
-2.542511642699601948e-02
-2.534526489465321886e-02
-2.526335048232813962e-02
-2.517937700199990303e-02
-2.509334842413002420e-02
-2.500526887760257111e-02
-2.491514264921268484e-02
-2.482297418370810194e-02
-2.472876808302576501e-02
-2.463252910655078232e-02
-2.453426217023574329e-02
-2.443397234669836271e-02
-2.433166486462490230e-02
-2.422734510846524802e-02
-2.412101861828624960e-02
-2.401269108884174219e-02
-2.390236837009751536e-02
-2.379005646578152833e-02
-2.367576153385075877e-02
-2.355948988554690260e-02
-2.344124798529079179e-02
-2.332104244991584086e-02
-2.319888004866998976e-02
-2.307476770227318008e-02
