1.804611768782254932e-01
1.773983307438989077e-01
1.742743427988391602e-01
1.710894938678058919e-01
1.678440789588040438e-01
1.645384072425307431e-01
1.611728020077695112e-01
1.577476006594024927e-01
1.542631546324038649e-01
1.507198294121115667e-01
1.471180044535412290e-01
1.434580731426657318e-01
1.397404427521305725e-01
1.359655344187709891e-01
1.321337830182871542e-01
1.282456372076478668e-01
1.243015592754749266e-01
1.203020251183935518e-01
1.162475241862305914e-01
1.121385593913728079e-01
1.079756470625349574e-01
1.037593168255336873e-01
9.949011157934131711e-02
9.516858737801087154e-02
9.079531338165909571e-02
8.637087171805109265e-02
8.189585744260703681e-02
7.737087844154685867e-02
7.279655530195229540e-02
6.817352125432563081e-02
6.350242205775948057e-02
5.878391588800893630e-02
5.401867325849062096e-02
4.920737687834234736e-02
4.435072157861896097e-02
3.944941415284395486e-02
3.450417330798631610e-02
2.951572946802833580e-02
2.448482471462561788e-02
1.941221263369908787e-02
1.429865821744074651e-02
9.144937698642793475e-03
3.951838435364744308e-03
1.279841225304229361e-03
6.549292013467683526e-03
1.185569400076069702e-02
1.719821666661800613e-02
2.257601901705827419e-02
2.798824978800382168e-02
3.343404755633998249e-02
3.891254088313626791e-02
4.442284849113138645e-02
4.996407939600240600e-02
5.553533306790536805e-02
6.113569958236377000e-02
6.676425980862861487e-02
7.242008551424941598e-02
7.810223958659597010e-02
8.380977614177546886e-02
8.954174074629123181e-02
9.529717054920945618e-02
1.010750944713038474e-01
1.068745333362593197e-01
1.126945001054030365e-01
1.185340000164700341e-01
1.243920307618143900e-01
1.302675826597193276e-01
1.361596388648633749e-01
1.420671755231827371e-01
1.479891619433365280e-01
1.539245608300079116e-01
1.598723284179755788e-01
1.658314146786784848e-01
1.718007635352137852e-01
1.777793129917536186e-01
1.837659953751286657e-01
1.897597375241365236e-01
1.957594609383164486e-01
2.017640820291660697e-01
2.077725122863260110e-01
2.137836584746049262e-01
2.197964228382398022e-01
2.258097032751943400e-01
2.318223935959959348e-01
2.378333836556930370e-01
2.438415596018474463e-01
2.498458040547416881e-01
2.558449963082451428e-01
2.618380125517513202e-01
2.678237260618612781e-01
2.738010074136382199e-01
2.797687246713108644e-01
2.857257435998603601e-01
2.916709279035921698e-01
2.976031393911616751e-01
3.035212381909114243e-01
3.094240829783633795e-01
3.153105311736186800e-01
3.211794391481484490e-01
3.270296624320906953e-01
3.328600559380623380e-01
3.386694741526825037e-01
3.444567713571516920e-01
3.502208018318612726e-01
3.559604200734240997e-01
3.616744810052456849e-01
3.673618401730286975e-01
3.730213539732366579e-01
3.786518798460853930e-01
3.842522765092117876e-01
3.898214041427021659e-01
3.953581246135097205e-01
4.008613016874734147e-01
4.063298012211978283e-01
4.117624913944856191e-01
4.171582428994106695e-01
4.225159291609196788e-01
4.278344265279813152e-01
4.331126145181339870e-01
4.383493759894016017e-01
4.435435973504398000e-01
4.486941687828763237e-01
4.537999844415315231e-01
4.588599426428309758e-01
4.638729460998198273e-01
4.688379020906931482e-01
4.737537227015664598e-01
4.786193249766448332e-01
4.834336311787132967e-01
4.881955689568143741e-01
4.929040715177651633e-01
4.975580778921251945e-01
5.021565330902502122e-01
5.066983882893036917e-01
5.111826010577666946e-01
5.156081355425611301e-01
5.199739626295736272e-01
5.242790602067742833e-01
5.285224132906932715e-01
5.327030142183764028e-01
5.368198628974144571e-01
5.408719669304820066e-01
5.448583418244276055e-01
5.487780111849083209e-01
5.526300068889659078e-01
5.564133692638654205e-01
5.601271472957276565e-01
5.637703987486464285e-01
5.673421904145887762e-01
5.708415982517832665e-01
5.742677075640366668e-01
5.776196131755489960e-01
5.808964196001329405e-01
5.840972412165269523e-01
5.872212024410280451e-01
5.902674378878270955e-01
5.932350925391114416e-01
5.961233218978753134e-01
5.989312921707042880e-01
6.016581803941228879e-01
6.043031746483429334e-01
6.068654741435635103e-01
6.093442894323203296e-01
6.117388425432334076e-01
6.140483671166991897e-01
6.162721085809634847e-01
6.184093242635317900e-01
6.204592835892875913e-01
6.224212681667360414e-01
6.242945719754344758e-01
6.260785014607865850e-01
6.277723757170393659e-01
6.293755265834436452e-01
6.308872988054299302e-01
6.323070501401106824e-01
6.336341515179860773e-01
6.348679871291483812e-01
6.360079545709345084e-01
6.370534649908612401e-01
6.380039431354204149e-01
6.388588275503642722e-01
6.396175706567935881e-01
6.402796388456682974e-01
6.408445126290590599e-01
6.413116867234507357e-01
6.416806701463136919e-01
6.419509863666444938e-01
6.421221733244757424e-01
6.421937836302930025e-01
6.421653845847875575e-01
6.420365582917176850e-01
6.418069017683897259e-01
6.414760270187782609e-01
6.410435611166996894e-01
6.405091463037644317e-01
6.398724400711783833e-01
6.391331152093344681e-01
6.382908599292496099e-01
6.373453779091701188e-01
6.362963883669180420e-01
6.351436261359497681e-01
6.338868417311926962e-01
6.325258014010955998e-01
6.310602872276993569e-01
6.294900971302348491e-01
6.278150449611583639e-01
6.260349605425308273e-01
6.241496897365350627e-01
6.221590944570617454e-01
6.200630527673618442e-01
6.178614588824339338e-01
6.155542232076139930e-01
6.131412724162093042e-01
6.106225494533158438e-01
6.079980135754575743e-01
6.052676403642350822e-01
6.024314218107433838e-01
5.994893662733664641e-01
5.964414985473623920e-01
5.932878598379817126e-01
5.900285078425291374e-01
5.866635167116842631e-01
5.831929770718460304e-01
5.796169960547759015e-01
5.759356972985528733e-01
5.721492209104905857e-01
5.682577235497708878e-01
5.642613783406394967e-01
5.601603749488583972e-01
5.559549194856630017e-01
5.516452345867558504e-01
5.472315593539215373e-01
5.427141493474063605e-01
5.380932765653612115e-01
5.333692294446569226e-01
5.285423128140976923e-01
5.236128478838487643e-01
5.185811722339958019e-01
5.134476397427949479e-01
5.082126205900340254e-01
5.028765012280261848e-01
4.974396843211977282e-01
4.919025886909632606e-01
4.862656493338999852e-01
4.805293173240388072e-01
4.746940597817620455e-01
4.687603598433172647e-01
4.627287165582751327e-01
4.565996449173068128e-01
4.503736756988105383e-01
4.440513554951837638e-01
4.376332465858527310e-01
4.311199269293699565e-01
4.245119900408012570e-01
4.178100449875002953e-01
4.110147162594532388e-01
4.041266437053187555e-01
3.971464825054210057e-01
3.900749030474882639e-01
3.829125908366634579e-01
3.756602464590212409e-01
3.683185854602935572e-01
3.608883382720223798e-01
3.533702501316081657e-01
3.457650809683754378e-01
3.380736053178250433e-01
3.302966122469392363e-01
3.224349052197075793e-01
3.144893020383182636e-01
3.064606346907583490e-01
2.983497492942742690e-01
2.901575059602706230e-01
2.818847787072956135e-01
2.735324553159906857e-01
2.651014372533011532e-01
2.565926395518470238e-01
2.480069906469412055e-01
2.393454323439439257e-01
2.306089196132890817e-01
2.217984205075053117e-01
2.129149160612860414e-01
2.039594001035104354e-01
1.949328791704243724e-01
1.858363723910050336e-01
1.766709113032307876e-01
1.674375397594766168e-01
1.581373137873939572e-01
1.487713014362231634e-01
1.393405826680049198e-01
1.298462491722974788e-01
1.202894042609403275e-01
1.106711627236607182e-01
1.009926506398850232e-01
9.125500530817526323e-02
8.145937500463247549e-02
7.160691892083446974e-02
6.169880695668870929e-02
5.173621956224383478e-02
4.172034764330474071e-02
3.165239232461320579e-02
2.153356487716558826e-02
1.136508646339172944e-02
1.148188061322342026e-03
9.115889756159529372e-03
1.942589690706455346e-02
2.978057407535019546e-02
4.017865278141711377e-02
5.061885562728304228e-02
6.109989637394901835e-02
7.162048019070431371e-02
8.217930380559737569e-02
9.277505562804951034e-02
1.034064160088542100e-01
1.140720573267807458e-01
1.247706442397555071e-01
1.355008337893648385e-01
1.462612756512735590e-01
1.570506122517661141e-01
1.678674789878571716e-01
1.787105043740062349e-01
1.895783102739730663e-01
2.004695120051454837e-01
2.113827186061210395e-01
2.223165329630179543e-01
2.332695520166693792e-01
2.442403669569242763e-01
2.552275633707555835e-01
2.662297214752510910e-01
2.772454162843343561e-01
2.882732177860863887e-01
2.993116911585985140e-01
3.103593969421097887e-01
3.214148912224678578e-01
3.324767258486829302e-01
3.435434485996213261e-01
3.546136033791776332e-01
3.656857304315520585e-01
3.767583664972441460e-01
3.878300450502978336e-01
3.988992964573888633e-01
4.099646481844307910e-01
4.210246249974388122e-01
4.320777491424184769e-01
4.431225405508298354e-01
4.541575170558327934e-01
4.651811945483230737e-01
4.761920871970597435e-01
4.871887076398787597e-01
4.981695671905760348e-01
5.091331760223343217e-01
5.200780433597179675e-01
5.310026777099986495e-01
5.419055870321400903e-01
5.527852789180799364e-01
5.636402608328832109e-01
5.744690402852941080e-01
5.852701250275961220e-01
5.960420232762471127e-01
6.067832438480162960e-01
6.174922964519600210e-01
6.281676918078480387e-01
6.388079418601829707e-01
6.494115600069971794e-01
6.599770612627564592e-01
6.705029624709947234e-01
6.809877825023680220e-01
6.914300424305674930e-01
7.018282657671981450e-01
7.121809786145788523e-01
7.224867098955118916e-01
7.327439915128131087e-01
7.429513585903952944e-01
7.531073496138617207e-01
7.632105066813184013e-01
7.732593756373509208e-01
7.832525063320617820e-01
7.931884527257248019e-01
8.030657731942597577e-01
8.128830306084383617e-01
8.226387926038511988e-01
8.323316317183930835e-01
8.419601256363525854e-01
8.515228573127817668e-01
8.610184152364483978e-01
8.704453935233987805e-01
8.798023922008958442e-01
8.890880173220571114e-01
8.983008811949676486e-01
9.074396025474614769e-01
9.165028067056689709e-01
9.254891258003594690e-01
9.343971989111099496e-01
9.432256722911497304e-01
9.519731995177584949e-01
9.606384416771627244e-01
9.692200675563764634e-01
9.777167538137498948e-01
9.861271851305000169e-01
9.944500544218751736e-01
1.002684063010544024e+00
1.010827920757834342e+00
1.018880346294881223e+00
1.026840067140751156e+00
1.034705819923298131e+00
1.042476350486785330e+00
1.050150414123573350e+00
1.057726775692375609e+00
1.065204209813233049e+00
1.072581501009705285e+00
1.079857443905327230e+00
1.087030843342725595e+00
1.094100514567233562e+00
1.101065283390649796e+00
1.107923986331116328e+00
1.114675470786969047e+00
1.121318595182994926e+00
1.127852229140585916e+00
1.134275253590125265e+00
1.140586560957297602e+00
1.146785055307937506e+00
1.152869652498828223e+00
1.158839280284464479e+00
1.164692878533448051e+00
1.170429399304215190e+00
1.176047807038079318e+00
1.181547078645937443e+00
1.186926203705873206e+00
1.192184184562881111e+00
1.197320036476023697e+00
1.202332787747429244e+00
1.207221479871622982e+00
1.211985167634918259e+00
1.216622919266763692e+00
1.221133816579192510e+00
1.225516955062635249e+00
1.229771444034058137e+00
1.233896406741953555e+00
1.237890980488018267e+00
1.241754316770099731e+00
1.245485581388996676e+00
1.249083954517565598e+00
1.252548630898109083e+00
1.255878819883627484e+00
1.259073745588985771e+00
1.262132646960963278e+00
1.265054777936276409e+00
1.267839407508129401e+00
1.270485819831714380e+00
1.272993314335175263e+00
1.275361205808387188e+00
1.277588824525000888e+00
1.279675516285531112e+00
1.281620642581350999e+00
1.283423580614686310e+00
1.285083723448389836e+00
1.286600480038315286e+00
1.287973275367613635e+00
1.289201550500101323e+00
1.290284762660876661e+00
1.291222385328319122e+00
1.292013908327103833e+00
1.292658837848589481e+00
1.293156696580182619e+00
1.293507023758320607e+00
1.293709375211731905e+00
1.293763323480890293e+00
1.293668457820507101e+00
1.293424384320193576e+00
1.293030725929419811e+00
1.292487122529145660e+00
1.291793230984223495e+00
1.290948725197186064e+00
1.289953296174529696e+00
1.288806652053697377e+00
1.287508518166140981e+00
1.286058637088307588e+00
1.284456768676750293e+00
1.282702690101184206e+00
1.280796195914785551e+00
1.278737098049639753e+00
1.276525225891313564e+00
1.274160426289925541e+00
1.271642563606041332e+00
1.268971519716199703e+00
1.266147194069584758e+00
1.263169503689658413e+00
1.260038383213754498e+00
1.256753784899467208e+00
1.253315678656978793e+00
1.249724052047394229e+00
1.245978910332971035e+00
1.242080276427967478e+00
1.238028190981133481e+00
1.233822712330435944e+00
1.229463916524117240e+00
1.224951897336865381e+00
1.220286766252804966e+00
1.215468652482566858e+00
1.210497702933583275e+00
1.205374082256824186e+00
1.200097972769040844e+00
1.194669574509971133e+00
1.189089105183341433e+00
1.183356800172266299e+00
1.177472912510881375e+00
1.171437712890276428e+00
1.165251489579402389e+00
1.158914548474073936e+00
1.152427213048023535e+00
1.145789824304895177e+00
1.139002740762772747e+00
1.132066338451583665e+00
1.124981010862070807e+00
1.117747168866531249e+00
1.110365240773567574e+00
1.102835672221677221e+00
1.095158926174560010e+00
1.087335482834092204e+00
1.079365839654214732e+00
1.071250511259912441e+00
1.062990029413616533e+00
1.054584942950107962e+00
1.046035817737874574e+00
1.037343236626796061e+00
1.028507799376434440e+00
1.019530122617113843e+00
1.010410839781765047e+00
1.001150601046445487e+00
9.917500732548359954e-01
9.822099398828801897e-01
9.725309009382471226e-01
9.627136729201111187e-01
9.527589887072727137e-01
9.426675975474853031e-01
9.324402649321208436e-01
9.220777725254141188e-01
9.115809181183721632e-01
9.009505155120597353e-01
8.901873944479352652e-01
8.792924005584972225e-01
8.682663952143093722e-01
8.571102554843170740e-01
8.458248740641006735e-01
8.344111591200077394e-01
8.228700342760878472e-01
8.112024384418774492e-01
7.994093257802574737e-01
7.874916655783268382e-01
7.754504421625350030e-01
7.632866547890774234e-01
7.510013175402051600e-01
7.385954592365994165e-01
7.260701233188434633e-01
7.134263677258282366e-01
7.006652648362408087e-01
6.877879013130914210e-01
6.747953779825250908e-01
6.616888098053925749e-01
6.484693256464372224e-01
6.351380682413796386e-01
6.216961940495102645e-01
6.081448731321740242e-01
5.944852890744173335e-01
5.807186387778836556e-01
5.668461324325688722e-01
5.528689933338308826e-01
5.387884577726654856e-01
5.246057749127875924e-01
5.103222066647249422e-01
4.959390275486061372e-01
4.814575245661474878e-01
4.668789970662234889e-01
4.522047566284761455e-01
4.374361268839944694e-01
4.225744434508513225e-01
4.076210537418670232e-01
3.925773168201814878e-01
3.774446033252811805e-01
3.622242952530592697e-01
3.469177858670823289e-01
3.315264795443338408e-01
3.160517916274682704e-01
3.004951482580663358e-01
2.848579862908106608e-01
2.691417530659184210e-01
2.533479063484499472e-01
2.374779141018038553e-01
2.215332543803976983e-01
2.055154151941786245e-01
1.894258942978677418e-01
1.732661990928416884e-01
1.570378464470130186e-01
1.407423625515300813e-01
1.243812827604086763e-01
1.079561514430786157e-01
9.146852179993296417e-02
7.491995573751468462e-02
5.831202369855956191e-02
4.164630449315367272e-02
2.492438514970572380e-02
8.147860740782653793e-03
8.681665778024205693e-03
2.556258367542234983e-02
4.249327467898395688e-02
5.947211317685800747e-02
7.649746621605839347e-02
9.356769385598212585e-02
1.106811492040008227e-01
1.278361786578327275e-01
1.450311220068605522e-01
1.622643126909422140e-01
1.795340778566139051e-01
1.968387386244941362e-01
2.141766102056195109e-01
2.315460020703778987e-01
2.489452181710504752e-01
2.663725570194421799e-01
2.838263119738547169e-01
3.013047712984448512e-01
3.188062184299750301e-01
3.363289320648552572e-01
3.538711864200866364e-01
3.714312513441351271e-01
3.890073924951201745e-01
4.065978715461969761e-01
4.242009463523070401e-01
4.418148710829711279e-01
4.594378964743834892e-01
4.770682699403967497e-01
4.947042357510380572e-01
5.123440352679337062e-01
5.299859070398682537e-01
5.476280870498140274e-01
5.652688088414248302e-01
5.829063037405778358e-01
6.005388009755232570e-01
6.181645279237906188e-01
6.357817102154225131e-01
6.533885719893872679e-01
6.709833359721940615e-01
6.885642237837101831e-01
7.061294560008396504e-01
7.236772523668379975e-01
7.412058320290794144e-01
7.587134136367582604e-01
7.761982155635969161e-01
7.936584560695039148e-01
8.110923534835907667e-01
8.284981263944589669e-01
8.458739938021231364e-01
8.632181753069713137e-01
8.805288913192108602e-01
8.978043631725116658e-01
9.150428133630414962e-01
9.322424656856789227e-01
9.494015454251476527e-01
9.665182795580048447e-01
9.835908968811148956e-01
1.000617628236655010e+00
1.017596706641198612e+00
1.034526367505129052e+00
1.051404848791111402e+00
1.068230391182887207e+00
1.085001238268163304e+00
1.101715636721035230e+00
1.118371836464314484e+00
1.134968090855214662e+00
1.151502656847868122e+00
1.167973795170821116e+00
1.184379770527194786e+00
1.200718851704726697e+00
1.216989311840408483e+00
1.233189428498657980e+00
1.249317483903542136e+00
1.265371765103683765e+00
1.281350564116500390e+00
1.297252178119532973e+00
1.313074909633053178e+00
1.328817066653103840e+00
1.344476962852122925e+00
1.360052917744196677e+00
1.375543256820812132e+00
1.390946311785219880e+00
1.406260420641969100e+00
1.421483927929344082e+00
1.436615184822398028e+00
1.451652549377458801e+00
1.466594386611508316e+00
1.481439068721347452e+00
1.496184975229192693e+00
1.510830493162746313e+00
1.525374017175892494e+00
1.539813949766025925e+00
1.554148701384068465e+00
1.568376690615588487e+00
1.582496344349534123e+00
1.596506097918779066e+00
1.610404395285645940e+00
1.624189689144552640e+00
1.637860441138689005e+00
1.651415121969057154e+00
1.664852211592904974e+00
1.678170199322985834e+00
1.691367584032108295e+00
1.704442874259803453e+00
1.717394588411851775e+00
1.730221254860984992e+00
1.742921412121232416e+00
1.755493609000475796e+00
1.767936404724214094e+00
1.780248369123264007e+00
1.792428082715818993e+00
1.804474136919318239e+00
1.816385134132862067e+00
1.828159687942910061e+00
1.839796423185356522e+00
1.851293976160662824e+00
1.862650994737893972e+00
1.873866138481361743e+00
1.884938078800592054e+00
1.895865499103962293e+00
1.906647094893144878e+00
1.917281573922400506e+00
1.927767656339331115e+00
1.938104074790156783e+00
1.948289574553055070e+00
1.958322913697536860e+00
1.968202863167918926e+00
1.977928206936953037e+00
1.987497742118870869e+00
1.996910279108333075e+00
2.006164641679544669e+00
2.015259667124027487e+00
2.024194206361948023e+00
2.032967124058438824e+00
2.041577298761356740e+00
2.050023622985639005e+00
2.058305003349498286e+00
2.066420360677270640e+00
2.074368630120836610e+00
2.082148761252773372e+00
2.089759718192565341e+00
2.097200479699785625e+00
2.104470039292773986e+00
2.111567405347706039e+00
2.118491601192469709e+00
2.125241665230267252e+00
2.131816651026177123e+00
2.138215627370152916e+00
2.144437678471084130e+00
2.150481903937931705e+00
2.156347418953516559e+00
2.162033354338917857e+00
2.167538856635750300e+00
2.172863088216654859e+00
2.178005227362874052e+00
2.182964468347383669e+00
2.187740021521519029e+00
2.192331113404172083e+00
2.196736986761904653e+00
2.200956900674921002e+00
2.204990130643035950e+00
2.208835968640700642e+00
2.212493723192886286e+00
2.215962719469770636e+00
2.219242299330597135e+00
2.222331821413992881e+00
2.225230661190066961e+00
2.227938211050881190e+00
2.230453880364931862e+00
2.232777095524834721e+00
2.234907300024128851e+00
2.236843954536029688e+00
2.238586536927893889e+00
2.240134542372229198e+00
2.241487483342340159e+00
2.242644889728572455e+00
2.243606308829965368e+00
2.244371305454628818e+00
2.244939461943213477e+00
2.245310378210194191e+00
2.245483671814447302e+00
2.245458977970594905e+00
2.245235949618916926e+00
2.244814257437886873e+00
2.244193589921022358e+00
2.243373653378193833e+00
2.242354171973088839e+00
2.241134887778961637e+00
2.239715560795701776e+00
2.238095968963384585e+00
2.236275908230349163e+00
2.234255192529484457e+00
2.232033653848739085e+00
2.229611142225248255e+00
2.226987525762595954e+00
2.224162690683595400e+00
2.221136541295185118e+00
2.217909000062792568e+00
2.214480007570064579e+00
2.210849522563800296e+00
2.207017521952623795e+00
2.202984000822561406e+00
2.198748972440683236e+00
2.194312468237325398e+00
2.189674537849463309e+00
2.184835249092447196e+00
2.179794687972472111e+00
2.174552958683849901e+00
2.169110183591447694e+00
2.163466503239086958e+00
2.157622076340132367e+00
2.151577079772724055e+00
2.145331708551711181e+00
2.138886175820766233e+00
2.132240712868754162e+00
2.125395569068297075e+00
2.118351011878560453e+00
2.111107326827386554e+00
2.103664817500290329e+00
2.096023805480845326e+00
2.088184630373781658e+00
2.080147649739246596e+00
2.071913239091330627e+00
2.063481791846095259e+00
2.054853719319258420e+00
2.046029450644585523e+00
2.037009432803463138e+00
2.027794130533509875e+00
2.018384026316268454e+00
2.008779620343335903e+00
1.998981430435063045e+00
1.988989992068440849e+00
1.978805858257227435e+00
1.968429599561049015e+00
1.957861804003175443e+00
1.947103077027714235e+00
1.936154041479180909e+00
1.925015337506434498e+00
1.913687622531780708e+00
1.902171571192220245e+00
1.890467875290728239e+00
1.878577243698718924e+00
1.866500402360503630e+00
1.854238094169494699e+00
1.841791078954623018e+00
1.829160133365886898e+00
1.816346050852902128e+00
1.803349641565556771e+00
1.790171732317940023e+00
1.776813166470945893e+00
1.763274803908760680e+00
1.749557520922520482e+00
1.735662210170075159e+00
1.721589780583814733e+00
1.707341157292143752e+00
1.692917281544052521e+00
1.678319110610192233e+00
1.663547617734935313e+00
1.648603792034210702e+00
1.633488638400532489e+00
1.618203177441437157e+00
1.602748445378912034e+00
1.587125493939253618e+00
1.571335390307255109e+00
1.555379217002326175e+00
1.539258071801743677e+00
1.522973067634144639e+00
1.506525332495888936e+00
1.489916009356474724e+00
1.473146256033111667e+00
1.456217245134197702e+00
1.439130163931725104e+00
1.421886214281731897e+00
1.404486612469457718e+00
1.386932589191675280e+00
1.369225389365220202e+00
1.351366272098928123e+00
1.333356510508648674e+00
1.315197391689032491e+00
1.296890216521135786e+00
1.278436299652357500e+00
1.259836969311324495e+00
1.241093567227426142e+00
1.222207448523263240e+00
1.203179981578767599e+00
1.184012547945821225e+00
1.164706542180109716e+00
1.145263371801808816e+00
1.125684457101610247e+00
1.105971231091894325e+00
1.086125139280498253e+00
1.066147639694160487e+00
1.046040202632209537e+00
1.025804310602692393e+00
1.005441458206892236e+00
9.849531519649548095e-01
9.643409102417018763e-01
9.436062630841508536e-01
9.227507521290089221e-01
9.017759304462399372e-01
8.806833624102047287e-01
8.594746235887540386e-01
8.381513006116673159e-01
8.167149910031564763e-01
7.951673031170154449e-01
7.735098559289926845e-01
7.517442789492035926e-01
7.298722121093854653e-01
7.078953055387620097e-01
6.858152195369650039e-01
6.636336243572191762e-01
6.413522001061116029e-01
6.189726366021591764e-01
5.964966332578681696e-01
5.739258988526784178e-01
5.512621515296273200e-01
5.285071185312809616e-01
5.056625361564843768e-01
4.827301495303153445e-01
4.597117125234400081e-01
4.366089876257108204e-01
4.134237457001234128e-01
3.901577659706953471e-01
3.668128357786528682e-01
3.433907504975682867e-01
3.198933133421953401e-01
2.963223352932808363e-01
2.726796348370070788e-01
2.489670379515350473e-01
2.251863778374103009e-01
2.013394948894240144e-01
1.774282364184207872e-01
1.534544566231586249e-01
1.294200163817760818e-01
1.053267830704235491e-01
8.117663051542275965e-02
5.697143872818816873e-02
3.271309385682008575e-02
8.403487916317420661e-03
1.595548122736184862e-02
4.036191008146461368e-02
6.481388969581380888e-02
8.930950577698656967e-02
1.138468388413318572e-01
1.384239644148115844e-01
1.630389531115755131e-01
1.876898708312917108e-01
2.123747789457670343e-01
2.370917343413188050e-01
2.618387897332066783e-01
2.866139936529775722e-01
3.114153907479347838e-01
3.362410218175487797e-01
3.610889240611550588e-01
3.859571311556415085e-01
4.108436734912847554e-01
4.357465782352413219e-01
4.606638695790807869e-01
4.855935688287305041e-01
5.105336945919686231e-01
5.354822629215401086e-01
5.604372874635391577e-01
5.853967796571727389e-01
6.103587488155272078e-01
6.353212023806390496e-01
6.602821459841916596e-01
6.852395836635641890e-01
7.101915179895519348e-01
7.351359502497950560e-01
7.600708805832838699e-01
7.849943081519621391e-01
8.099042312635194030e-01
8.347986476106972198e-01
8.596755543128655752e-01
8.845329481630371804e-01
9.093688257698889776e-01
9.341811836665487867e-01
9.589680185347019270e-01
9.837273272957565151e-01
1.008457107349333581e+00
1.033155356622368792e+00
1.057820073829907948e+00
1.082449258564908368e+00
1.107040911494661328e+00
1.131593034489998484e+00
1.156103630797388870e+00
1.180570705186397840e+00
1.204992264094921994e+00
1.229366315848529956e+00
1.253690870718147998e+00
1.277963941154650396e+00
1.302183541909340159e+00
1.326347690213789621e+00
1.350454405874659702e+00
1.374501711539573456e+00
1.398487632721506113e+00
1.422410198068063014e+00
1.446267439438385427e+00
1.470057392098005344e+00
