3.592408477796195854e+01
3.592060501069813228e+01
3.591712536926488042e+01
3.591364585368569351e+01
3.591016646396850120e+01
3.590668720012616433e+01
3.590320806216712413e+01
3.589972905011519799e+01
3.589625016397734214e+01
3.589277140376790953e+01
3.588929276949364322e+01
3.588581426117891482e+01
3.588233587883210873e+01
3.587885762246014565e+01
3.587537949208728350e+01
3.587190148772150877e+01
3.586842360937542651e+01
3.586494585705706584e+01
3.586146823079091916e+01
3.585799073058394981e+01
3.585451335644994941e+01
3.585103610839702526e+01
3.584755898644798577e+01
3.584408199061105904e+01
3.584060512089518369e+01
3.583712837732286260e+01
3.583365175990279283e+01
3.583017526864720281e+01
3.582669890356473985e+01
3.582322266467929950e+01
3.581974655199863378e+01
3.581627056553019628e+01
3.581279470529793940e+01
3.580931897131043939e+01
3.580584336357995312e+01
3.580236788211418997e+01
3.579889252693843105e+01
3.579541729805908545e+01
3.579194219549052036e+01
3.578846721923980567e+01
3.578499236933079430e+01
3.578151764577152250e+01
3.577804304856999806e+01
3.577456857774979682e+01
3.577109423331923921e+01
3.576762001529178292e+01
3.576414592367390810e+01
3.576067195849071823e+01
3.575719811974988716e+01
3.575372440746372860e+01
3.575025082164103907e+01
3.574677736230595571e+01
3.574330402946541341e+01
3.573983082312788895e+01
3.573635774331704340e+01
3.573288479004126827e+01
3.572941196331292701e+01
3.572593926314035429e+01
3.572246668954730353e+01
3.571899424254185362e+01
3.571552192213714250e+01
3.571204972834092928e+01
3.570857766117728005e+01
3.570510572065368393e+01
3.570163390677843296e+01
3.569816221957547242e+01
3.569469065905222038e+01
3.569121922522167978e+01
3.568774791809335056e+01
3.568427673768965747e+01
3.568080568401816066e+01
3.567733475708821800e+01
3.567386395692233947e+01
3.567039328352932870e+01
3.566692273692196835e+01
3.566345231710828045e+01
3.565998202411196161e+01
3.565651185794116174e+01
3.565304181860874877e+01
3.564957190612329185e+01
3.564610212050840943e+01
3.564263246177160482e+01
3.563916292992107060e+01
3.563569352498058151e+01
3.563222424695796775e+01
3.562875509586676515e+01
3.562528607171530126e+01
3.562181717452691032e+01
3.561834840430869775e+01
3.561487976107449782e+01
3.561141124483323495e+01
3.560794285560763939e+01
3.560447459340571186e+01
3.560100645823614229e+01
3.559753845012200202e+01
3.559407056907136990e+01
3.559060281509763257e+01
3.558713518820915311e+01
3.558366768842897443e+01
3.558020031576563724e+01
3.557673307023139131e+01
3.557326595183571527e+01
3.556979896060132518e+01
3.556633209653609384e+01
3.556286535964969886e+01
3.555939874996370520e+01
3.555593226748771940e+01
3.555246591223362174e+01
3.554899968421040768e+01
3.554553358344151803e+01
3.554206760993519509e+01
3.553860176370384494e+01
3.553513604475669041e+01
3.553167045311625571e+01
3.552820498879174238e+01
3.552473965179017767e+01
3.552127444213655849e+01
3.551780935983759946e+01
3.551434440490631772e+01
3.551087957735214928e+01
3.550741487719802336e+01
3.550395030445230304e+01
3.550048585912244903e+01
3.549702154123215081e+01
3.549355735079004859e+01
3.549009328780974215e+01
3.548662935229815929e+01
3.548316554427976399e+01
3.547970186376237223e+01
3.547623831075918588e+01
3.547277488527833356e+01
3.546931158734361134e+01
3.546584841696237334e+01
3.546238537414404846e+01
3.545892245891126038e+01
3.545545967127191034e+01
3.545199701124050762e+01
3.544853447882383790e+01
3.544507207404635807e+01
3.544160979691607594e+01
3.543814764744567469e+01
3.543468562564379454e+01
3.543122373153335758e+01
3.542776196512390641e+01
3.542430032642263171e+01
3.542083881545214297e+01
3.541737743222278567e+01
3.541391617674590719e+01
3.541045504903022589e+01
3.540699404910002812e+01
3.540353317696259694e+01
3.540007243263166714e+01
3.539661181611542418e+01
3.539315132743656989e+01
3.538969096660439106e+01
3.538623073362633420e+01
3.538277062852645116e+01
3.537931065131286346e+01
3.537585080199801268e+01
3.537239108059107195e+01
3.536893148711502732e+01
3.536547202157809977e+01
3.536201268399405961e+01
3.535855347437072993e+01
3.535509439273092624e+01
3.535163543908444694e+01
3.534817661343799955e+01
3.534471791581581357e+01
3.534125934622575471e+01
3.533780090468133750e+01
3.533434259119061238e+01
3.533088440577754596e+01
3.532742634844984764e+01
3.532396841921592312e+01
3.532051061809902848e+01
3.531705294510745574e+01
3.531359540025440680e+01
3.531013798354852895e+01
3.530668069501308537e+01
3.530322353465633256e+01
3.529976650249146530e+01
3.529630959852642036e+01
3.529285282278526381e+01
3.528939617527587558e+01
3.528593965600661875e+01
3.528248326500060728e+01
3.527902700226672295e+01
3.527557086781777684e+01
3.527211486166193311e+01
3.526865898382345677e+01
3.526520323430962378e+01
3.526174761313431105e+01
3.525829212030526350e+01
3.525483675584631271e+01
3.525138151976584311e+01
3.524792641207172039e+01
3.524447143278725747e+01
3.524101658192201825e+01
3.523756185948779773e+01
3.523410726549330008e+01
3.523065279996178845e+01
3.522719846290247858e+01
3.522374425432727918e+01
3.522029017424570441e+01
3.521683622268041347e+01
3.521338239964038053e+01
3.520992870513317285e+01
3.520647513918228810e+01
3.520302170179574830e+01
3.519956839298823326e+01
3.519611521276699051e+01
3.519266216115497059e+01
3.518920923816197899e+01
3.518575644379452427e+01
3.518230377807774545e+01
3.517885124101816530e+01
3.517539883263112444e+01
3.517194655292259142e+01
3.516849440191795395e+01
3.516504237962471535e+01
3.516159048605606330e+01
3.515813872122071615e+01
3.515468708514153917e+01
3.515123557782771968e+01
3.514778419928605047e+01
3.514433294954204001e+01
3.514088182860192688e+01
3.513743083648039089e+01
3.513397997318522670e+01
3.513052923874006694e+01
3.512707863315324630e+01
3.512362815643790270e+01
3.512017780860213634e+01
3.511672758967010566e+01
3.511327749964874556e+01
3.510982753854747074e+01
3.510637770639001332e+01
3.510292800318423190e+01
3.509947842894340653e+01
3.509602898367504054e+01
3.509257966740433687e+01
3.508913048013837965e+01
3.508568142189076866e+01
3.508223249266978172e+01
3.507878369249914385e+01
3.507533502138635129e+01
3.507188647934103898e+01
3.506843806638568850e+01
3.506498978252899690e+01
3.506154162778366867e+01
