1.800262494669860587e+02
1.796208280263111590e+02
1.791864919261253419e+02
1.787242014262513976e+02
1.782353023385693405e+02
1.777214354054977150e+02
1.771844342000385666e+02
1.766262264357438028e+02
1.760487490779649136e+02
1.754538824754507402e+02
1.748434043647327485e+02
1.742189617156827239e+02
1.735820569761256706e+02
1.729340449670714861e+02
1.722761370302971500e+02
1.716094096702721288e+02
1.709348156249394322e+02
1.702531959177159990e+02
1.695652919391647231e+02
1.688717569769336535e+02
1.681731668732578555e+02
1.674700296649052689e+02
1.667627941720103024e+02
1.660518575697734889e+02
1.653375720142213936e+02
1.646202504106087474e+02
1.639001714186114498e+02
1.631775837862327592e+02
1.624527100984074934e+02
1.617257500184267087e+02
1.609968830913986721e+02
1.602662711709078565e+02
1.595340605215984624e+02
1.588003836435295000e+02
1.580653608576221245e+02
1.573291016857303077e+02
1.565917060543069681e+02
1.558532653461047062e+02
1.551138633209586715e+02
1.543735769236521094e+02
1.536324769940117676e+02
1.528906288925300885e+02
1.521480930525344490e+02
1.514049254686138681e+02
1.506611781295605397e+02
1.499168994027966448e+02
1.491721343765466372e+02
1.484269251648669581e+02
1.476813111801466789e+02
1.469353293770820414e+02
1.461890144713439099e+02
1.454423991361412334e+02
1.446955141790657819e+02
1.439483887015329344e+02
1.432010502428727534e+02
1.424535249105920229e+02
1.417058374985342937e+02
1.409580115940952396e+02
1.402100696757077856e+02
1.394620332017049122e+02
1.387139226912935328e+02
1.379657577986383501e+02
1.372175573805990325e+02
1.364693395588215310e+02
1.357211217767950870e+02
1.349729208522499562e+02
1.342247530254179537e+02
1.334766340035963310e+02
1.327285790022085621e+02
1.319806027828944082e+02
1.312327196887203229e+02
1.304849436768532485e+02
1.297372883489853166e+02
1.289897669795490174e+02
1.282423925421149136e+02
1.274951777339659600e+02
1.267481349990696629e+02
1.260012765496578453e+02
1.252546143863638122e+02
1.245081603172367579e+02
1.237619259755684737e+02
1.230159228366884179e+02
1.222701622338830703e+02
1.215246553733526866e+02
1.207794133484740797e+02
1.200344471532634003e+02
1.192897676951767068e+02
1.185453858073545632e+02
1.178013122602142460e+02
1.170575577726082912e+02
1.163141330224544419e+02
1.155710486569215760e+02
1.148283153022796199e+02
1.140859435732969018e+02
1.133439440823785986e+02
1.126023274483471539e+02
1.118611043049394453e+02
1.111202853091057534e+02
1.103798811489827187e+02
1.096399025517527406e+02
1.089003602912380870e+02
1.081612651953247166e+02
1.074226281533024263e+02
1.066844601229475984e+02
1.059467721376002345e+02
1.052095753130441125e+02
1.044728808543039662e+02
1.037367000624165883e+02
1.030010443410306493e+02
1.022659252030419879e+02
1.015313542771166766e+02
1.007973433141639390e+02
1.000639041938538583e+02
9.933104893100539812e+01
9.859878968206223249e+01
9.786713875149578712e+01
9.713610859821389454e+01
9.640571184204145538e+01
9.567596127011685780e+01
9.494686984341795721e+01
9.421845070324630456e+01
9.349071717774909018e+01
9.276368278855358085e+01
9.203736125734121742e+01
9.131176651259069388e+01
9.058691269629626674e+01
8.986281417076465061e+01
8.913948552553836180e+01
8.841694158430127004e+01
8.769519741195809104e+01
8.697426832172976674e+01
8.625416988234030669e+01
8.553491792535923821e+01
8.481652855254122869e+01
8.409901814336011228e+01
8.338240336258549235e+01
8.266670116796160528e+01
8.195192881806343621e+01
8.123810388015942863e+01
8.052524423829621014e+01
7.981336810143110938e+01
7.910249401168044869e+01
7.839264085276066396e+01
7.768382785845076910e+01
7.697607462127842837e+01
7.626940110126466266e+01
7.556382763479767561e+01
7.485937494369832734e+01
7.415606414431304927e+01
7.345391675683671906e+01
7.275295471468952258e+01
7.205320037402714206e+01
7.135467652343363909e+01
7.065740639364344133e+01
6.996141366748021539e+01
6.926672248984340285e+01
6.857335747781451118e+01
6.788134373092984220e+01
6.719070684146805661e+01
6.650147290492481034e+01
6.581366853052135468e+01
6.512732085179638375e+01
6.444245753733494553e+01
6.375910680147467957e+01
6.307729741516097732e+01
6.239705871678842897e+01
6.171842062307364785e+01
6.104141364001475978e+01
6.036606887376066055e+01
5.969241804156654041e+01
5.902049348266017148e+01
5.835032816906124964e+01
5.768195571639645891e+01
5.701541039453430670e+01
5.635072713820220969e+01
5.568794155740071261e+01
5.502708994765376360e+01
5.436820930012931541e+01
5.371133731143579837e+01
5.305651239325606383e+01
5.240377368161561833e+01
5.175316104582788768e+01
5.110471509711493354e+01
5.045847719671814247e+01
4.981448946364197639e+01
4.917279478181191621e+01
4.853343680667703808e+01
4.789645997123397336e+01
4.726190949132573138e+01
4.662983137020156477e+01
4.600027240232681436e+01
4.537328017623698884e+01
4.474890307654155919e+01
4.412719028484925587e+01
4.350819177960774198e+01
4.289195833482911979e+01
4.227854151747668254e+01
4.166799368359834688e+01
4.106036797297063856e+01
4.045571830223365595e+01
3.985409935645713375e+01
3.925556657891934265e+01
3.866017615915455963e+01
3.806798501903558218e+01
3.747905079684610996e+01
3.689343182928084985e+01
3.631118713114602059e+01
3.573237637281219747e+01
3.515705985517142551e+01
3.458529848206230639e+01
3.401715373009325560e+01
3.345268761565134241e+01
3.289196265913207640e+01
3.233504184617949306e+01
3.178198858589220421e+01
3.123286666595713967e+01
3.068774020450482354e+01
3.014667359876824548e+01
2.960973147034566466e+01
2.907697860707587623e+01
2.854847990151773374e+01
2.802430028588273103e+01
2.750450466355515999e+01
2.698915783706209126e+01
2.647832443255598633e+01
2.597206882089650648e+01
2.547045503524222454e+01
2.497354668537400713e+01
2.448140686870782901e+01
2.399409807816910245e+01
2.351168210708809525e+01
2.303421995117044574e+01
2.256177170785877806e+01
2.209439647316896682e+01
2.163215223629264727e+01
2.117509577225264650e+01
2.072328253279862409e+01
2.027676653597343659e+01
1.983560025458482912e+01
1.939983450397775755e+01
1.896951832953886097e+01
1.854469889423558016e+01
1.812542136673176785e+01
1.771172881043149872e+01
1.730366207395001510e+01
1.690125968352620589e+01
1.650455773776403845e+01
1.611358980532131469e+01
1.572838682593372006e+01
1.534897701533348702e+01
1.497538577456871245e+01
1.460763560415091433e+01
1.424574602359717801e+01
1.388973349674624913e+01
1.353961136333694348e+01
1.319538977728548090e+01
1.285707565199425773e+01
1.252467261312491864e+01
1.219818095910742883e+01
1.187759762968434529e+01
1.156291618277784750e+01
1.125412677979860732e+01
1.095121617964706928e+01
1.065416774142832956e+01
1.036296143597614616e+01
1.007757386621229401e+01
9.797978296218197158e+00
9.524144689020486609e+00
9.256039752848600699e+00
8.993626995713775329e+00
8.736866788075278834e+00
8.485716433243794654e+00
8.240130245256946040e+00
8.000059633795672198e+00
7.765453195750200877e+00
7.536256813018934686e+00
7.312413756004501941e+00
7.093864792381171291e+00
6.880548300563765984e+00
6.672400387360331031e+00
6.469355009295599146e+00
6.271344096990679517e+00
6.078297682121655221e+00
5.890144026344798611e+00
5.706809751676832576e+00
5.528219971792579734e+00
5.354298423705607490e+00
5.184967599343089262e+00
5.020148876524163306e+00
4.859762648864268009e+00
4.703728454206685505e+00
4.551965101115698964e+00
4.404390793105897650e+00
4.260923250200818302e+00
4.121479827529725526e+00
3.985977630665600735e+00
3.854333627421133279e+00
3.726464755903668546e+00
3.602288028594116565e+00
3.481720632300516982e+00
3.364680023848171775e+00
3.251084021362461662e+00
3.140850891104194353e+00
3.033899429749723708e+00
2.930149042114206903e+00
2.829519814295397673e+00
2.731932582232018181e+00
2.637308995733728345e+00
2.545571578002572277e+00
2.456643780722984616e+00
2.370450034803525785e+00
2.286915796845942594e+00
2.205967591466919675e+00
2.127533049569875878e+00
2.051540942695149194e+00
1.977921213589139304e+00
1.906605003116359942e+00
1.837524673663625929e+00
1.770613829183995458e+00
1.705807332028368428e+00
1.643041316710813993e+00
1.582253200771662982e+00
1.523381692870827031e+00
1.466366798285798190e+00
1.411149821947380589e+00
1.357673369161439325e+00
1.305881344175051861e+00
1.255718946712154782e+00
1.207132666631235418e+00
1.160070276827293911e+00
1.114480824525806879e+00
1.070314621071744021e+00
1.027523230360035233e+00
9.860594560088453697e-01
9.458773273882035149e-01
9.069320846275661374e-01
8.691801626804595005e-01
8.325791745642774355e-01
7.970878938666655644e-01
7.626662365855004788e-01
7.292752424179157478e-01
6.968770555546710543e-01
6.654349050584582592e-01
6.349130849021049627e-01
6.052769337246294290e-01
5.764928143774417091e-01
5.485280932986911218e-01
5.213511197934964647e-01
4.949312052503155313e-01
4.692386023426435293e-01
4.442444842762504620e-01
4.199209240896230599e-01
3.962408740733751600e-01
3.731781453232729806e-01
3.507073874690453397e-01
3.288040685896229109e-01
3.074444553630987786e-01
2.866055934510925995e-01
2.662652881538234428e-01
2.464020853438390335e-01
2.269952526985735408e-01
2.080247612519137701e-01
1.894712672549844212e-01
1.713160943897674704e-01
1.535412163142283182e-01
1.361292395602677341e-01
1.190633867995542772e-01
1.023274804555731748e-01
8.590592669485890009e-02
6.978369977576470706e-02
5.394632678130403813e-02
3.837987270587314009e-02
2.307092592510852705e-02
8.006584029247270154e-03
6.825559976975701000e-03
2.143743109923256299e-02
3.584048543779921187e-02
5.004572288829392535e-02
6.406369950636095489e-02
7.790453951316389514e-02
9.157794695977901356e-02
1.050932170522564379e-01
1.184592471400398722e-01
1.316845473780832443e-01
1.447772510651351152e-01
1.577451246742672397e-01
1.705955775596141866e-01
1.833356713751564671e-01
1.959721291902594698e-01
2.085113443175733439e-01
2.209593888607540857e-01
2.333220219894422687e-01
2.456046979402760067e-01
2.578125737649265004e-01
2.699505168216626561e-01
2.820231120190426211e-01
2.940346688286965549e-01
3.059892280552189980e-01
3.178905683911621982e-01
3.297422127503343847e-01
3.415474343891753417e-01
3.533092628281427339e-01
3.650304895765014712e-01
3.767136736600648628e-01
3.883611469775078984e-01
3.999750194690438465e-01
4.115571841169677336e-01
4.231093217932076489e-01
4.346329059305457099e-01
4.461292070586830860e-01
4.575992971862897218e-01
4.690440540472322062e-01
4.804641652113026962e-01
4.918601320677117861e-01
5.032322736887936410e-01
5.145807305686385114e-01
5.259054682612307463e-01
5.372062809111025627e-01
5.484827946664205811e-01
5.597344710232683429e-01
5.709606100544094565e-01
5.821603535670044627e-01
5.933326881702427613e-01
6.044764482714145570e-01
6.155903189937742548e-01
6.266728390294685758e-01
6.377224034297711563e-01
6.487372663326103073e-01
6.597155436266254336e-01
6.706552155806626558e-01
6.815541294105361692e-01
6.924100017992248501e-01
7.032204213885335786e-01
7.139828512181235487e-01
7.246946311433046795e-01
7.353529802084828315e-01
7.459549989995289954e-01
7.564976719723640608e-01
7.669778697550468927e-01
7.773923514251238620e-01
7.877377667870951727e-01
7.980106586121721302e-01
8.082074648867817457e-01
8.183245210403666814e-01
8.283580621687056667e-01
8.383042252497872049e-01
8.481590513674112097e-01
8.579184879189724056e-01
8.675783908330177985e-01
8.771345267952186386e-01
8.865825754652724155e-01
8.959181317149333967e-01
9.051367078679607436e-01
9.142337359435401822e-01
9.232045699296305141e-01
9.320444880500728946e-01
9.407486950559049710e-01
9.493123245329652127e-01
9.577304412200000616e-01
9.659980433525027221e-01
9.741100650186544918e-01
9.820613785409726404e-01
9.898467968745862100e-01
9.974610760261541920e-01
1.004898917506170219e+00
1.012154970787211061e+00
1.019223835802220313e+00
1.026100065455710642e+00
1.032778168169628197e+00
1.039252610440519975e+00
1.045517819443718022e+00
1.051568185640899822e+00
1.057398065430830814e+00
1.063001783818642076e+00
1.068373637113154029e+00
1.073507895651528044e+00
1.078398806555344480e+00
1.083040596498972441e+00
1.087427474524403248e+00
1.091553634869841582e+00
1.095413259827990871e+00
1.099000522626293330e+00
1.102309590344192847e+00
1.105334626844024060e+00
1.108069795731785101e+00
1.110509263344162445e+00
1.112647201757887450e+00
1.114477791821415487e+00
1.115995226212315616e+00
1.117193712514140902e+00
1.118067476316812581e+00
1.118610764338851427e+00
1.118817847567978641e+00
1.118683024416660121e+00
1.118200623908414126e+00
1.117365008867347465e+00
1.116170579134415641e+00
1.114611774795088550e+00
1.112683079418207210e+00
1.110379023318415204e+00
1.107694186821049032e+00
1.104623203539374598e+00
1.101160763668330045e+00
1.097301617280980190e+00
1.093040577637711008e+00
1.088372524491892701e+00
1.083292407413917191e+00
1.077795249109725795e+00
1.071876148743241330e+00
1.065530285260784416e+00
1.058752920718918578e+00
1.051539403601596590e+00
1.043885172139026540e+00
1.035785757627393666e+00
1.027236787729367773e+00
1.018233989777434401e+00
1.008773194064793044e+00
9.988503371242136719e-01
9.884614649943841425e-01
9.776027364732512437e-01
9.662704263568637764e-01
9.544609286596562603e-01
9.421707598136520589e-01
9.293965618533575057e-01
9.161351055713973235e-01
9.023832936574277541e-01
8.881381638037744164e-01
8.733968917962149359e-01
8.581567945587309509e-01
8.424153331889063789e-01
8.261701159449309495e-01
8.094189012016437257e-01
7.921596003868505154e-01
7.743902808571775376e-01
7.561091687515677506e-01
7.373146518055840870e-01
7.180052821152289599e-01
6.981797788636852076e-01
6.778370310002314048e-01
6.569760998803750862e-01
6.355962218466003621e-01
6.136968107710730758e-01
5.912774605414070628e-01
5.683379474927959807e-01
5.448782327988210827e-01
5.208984647842211935e-01
4.963989812081023856e-01
4.713803114672331929e-01
4.458431787546771052e-01
4.197885021473201084e-01
3.932173986394389975e-01
3.661311851086284097e-01
3.385313802189012233e-01
3.104197062564088561e-01
2.817980909015428970e-01
2.526686689267662045e-01
2.230337838329209399e-01
1.928959894061212099e-01
1.622580512139794318e-01
1.311229480172252659e-01
9.949387311627204411e-02
6.737423561864160082e-02
3.476766163653278313e-02
1.677995392701446715e-03
3.189069972693877458e-02
6.593414022330054691e-02
1.004478215990140949e-01
1.354270175591844316e-01
1.708667792925052942e-01
2.067619348308015748e-01
2.431070884938714705e-01
2.798966204212435249e-01
3.171246861808993400e-01
3.547852164635461047e-01
3.928719168673705520e-01
4.313782677661117670e-01
4.702975242585330506e-01
5.096227162110623654e-01
5.493466483848389315e-01
5.894619006524720595e-01
6.299608282976487672e-01
6.708355624124386907e-01
7.120780103727616384e-01
7.536798564137969780e-01
7.956325622857408630e-01
8.379273680067554908e-01
8.805552927047600731e-01
9.235071355393865700e-01
9.667734767356708225e-01
1.010344678686450726e+00
1.054210887163692600e+00
1.098362032603718230e+00
1.142787831502099172e+00
1.187477787889347658e+00
1.232421194894954386e+00
1.277607136413642763e+00
1.323024488856495262e+00
1.368661922994679481e+00
1.414507905894584194e+00
1.460550702947814639e+00
1.506778379988652494e+00
1.553178805506729043e+00
1.599739652948185542e+00
1.646448403109682435e+00
1.693292346627881750e+00
1.740258586549047415e+00
1.787334041005793850e+00
1.834505445968426907e+00
1.881759358095949075e+00
1.929082157680553689e+00
1.976460051674507445e+00
2.023879076811994526e+00
2.071325102816877095e+00
2.118783835706144814e+00
2.166240821178952558e+00
2.213681448091723514e+00
2.261090952026483691e+00
2.308454418945492748e+00
2.355756788936115953e+00
2.402982860034504231e+00
2.450117292150378656e+00
2.497144611062552144e+00
2.544049212511945601e+00
2.590815366377833495e+00
2.637427220930656624e+00
2.683868807181510441e+00
2.730124043305802051e+00
2.776176739154769368e+00
2.822010600843847250e+00
2.867609235429977144e+00
2.912956155664321756e+00
2.958034784826492736e+00
3.002828461631815493e+00
3.047320445231275432e+00
3.091493920271363827e+00
3.135332002046961275e+00
3.178817741704896616e+00
3.221934131555029612e+00
3.264664110423208587e+00
3.306990569094368837e+00
3.348896355816977977e+00
3.390364281883068376e+00
3.431377127267569715e+00
3.471917646344675923e+00
3.511968573658769799e+00
3.551512629764007389e+00
3.590532527125897211e+00
3.629010976075772721e+00
3.666930690837067353e+00
3.704274395591366620e+00
3.741024830611998642e+00
3.777164758443896542e+00
3.812676970133247689e+00
3.847544291509515713e+00
3.881749589511324761e+00
3.915275778555262320e+00
3.948105826947312824e+00
3.980222763336872749e+00
4.011609683195232812e+00
4.042249755349797802e+00
4.072126228528720304e+00
4.101222437945137855e+00
4.129521811905492612e+00
4.157007878445253546e+00
4.183664271973356996e+00
4.209474739948610988e+00
4.234423149562929645e+00
4.258493494433001736e+00
4.281669901308311488e+00
4.303936636779029712e+00
4.325278113984755812e+00
4.345678899325683631e+00
4.365123719162814275e+00
4.383597466520512853e+00
4.401085207758815621e+00
4.417572189251677273e+00
4.433043844028669689e+00
4.447485798403541857e+00
4.460883878572269978e+00
4.473224117181368698e+00
4.484492759865752021e+00
4.494676271739878715e+00
4.503761343862121791e+00
4.511734899636421048e+00
4.518584101177204104e+00
4.524296355621169496e+00
4.528859321369004931e+00
4.532260914285030751e+00
4.534489313821692846e+00
4.535532969071359943e+00
4.535380604759934542e+00
4.534021227152607025e+00
4.531444129884154570e+00
4.527638899709573117e+00
4.522595422158879330e+00
4.516303887112044002e+00
4.508754794273426292e+00
4.499938958545271817e+00
4.489847515311696569e+00
4.478471925607915516e+00
4.465803981184485849e+00
4.451835809464459004e+00
4.436559878379768840e+00
4.419969001097776129e+00
4.402056340622017672e+00
4.382815414276572064e+00
4.362240098054749105e+00
4.340324630851662313e+00
4.317063618554405124e+00
4.292452038011597359e+00
4.266485240858319372e+00
4.239158957202762146e+00
4.210469299181355929e+00
4.180412764368894862e+00
4.148986239041907886e+00
4.116187001299017822e+00
4.082012724044202123e+00
4.046461477805006979e+00
4.009531733417532884e+00
3.971222364560460516e+00
3.931532650125352468e+00
3.890462276450052936e+00
3.848011339396714359e+00
3.804180346272403757e+00
3.758970217605559938e+00
3.712382288759423332e+00
3.664418311403971895e+00
3.615080454827794387e+00
3.564371307099694075e+00
3.512293876084451316e+00
3.458851590297444822e+00
3.404048299612280726e+00
3.347888275830586124e+00
3.290376213081350087e+00
3.231517228096786098e+00
3.171316860326700127e+00
3.109781071904912597e+00
3.046916247496839869e+00
2.982729193973460369e+00
2.917227139971600103e+00
2.850417735301595368e+00
2.782309050221440039e+00
2.712909574586078509e+00
2.642228216852005929e+00
2.570274302958416524e+00
2.497057575087926029e+00
2.422588190280727805e+00
2.346876718958483377e+00
2.269934143294878748e+00
2.191771855490598053e+00
2.112401655928802580e+00
2.031835751205864682e+00
1.950086752074690732e+00
1.867167671252079275e+00
1.783091921152345494e+00
1.697873311494057624e+00
1.611526046816915470e+00
1.524064723907145646e+00
1.435504329116675581e+00
1.345860235599748211e+00
1.255148200461415176e+00
1.163384361810878787e+00
1.070585235740503682e+00
9.767677132125546224e-01
8.819490568842103251e-01
7.861468978360057758e-01
6.893792322381696591e-01
5.916644179417414051e-01
4.930211710007961767e-01
3.934685621244841114e-01
2.930260130669581353e-01
1.917132929444305411e-01
8.955051450886623854e-02
1.344186966881952619e-02
1.172430710373216084e-01
2.218319689888334778e-01
3.271871148370438243e-01
4.332867358273908009e-01
5.401087392276575638e-01
6.476307164513277481e-01
7.558299472434246713e-01
8.646834039137849537e-01
9.741677556143562011e-01
1.084259372676620981e+00
1.194934330987926785e+00
1.306168416418369338e+00
1.417937129305189004e+00
1.530215688964777998e+00
1.642979038279700044e+00
1.756201848306107927e+00
1.869858522950759161e+00
1.983923203691948745e+00
2.098369774336189320e+00
2.213171865850899422e+00
2.328302861221228426e+00
2.443735900377342674e+00
2.559443885169562005e+00
2.675399484388294002e+00
2.791575138858509497e+00
2.907943066571435864e+00
3.024475267885228913e+00
3.141143530783841342e+00
3.257919436194359530e+00
3.374774363373142627e+00
3.491679495345439310e+00
3.608605824428389841e+00
3.725524157808886461e+00
3.842405123194836403e+00
3.959219174553200382e+00
4.075936597897233504e+00
4.192527517173860296e+00
4.308961900226464081e+00
4.425209564826412034e+00
4.541240184807543656e+00
4.657023296269017898e+00
4.772528303885722245e+00
4.887724487295674436e+00
5.002581007584380401e+00
5.117066913870372602e+00
5.231151149984794912e+00
5.344802561250197037e+00
5.457989901370780217e+00
5.570681839410653424e+00
5.682846966899059993e+00
5.794453805033986882e+00
5.905470811993652092e+00
6.015866390372009320e+00
6.125608894720558695e+00
6.234666639203661376e+00
6.343007905387111123e+00
6.450600950126925248e+00
6.557414013594433655e+00
6.663415327406272404e+00
6.768573122897205252e+00
6.872855639499523051e+00
6.976231133251672212e+00
7.078667885434802187e+00
7.180134211324975979e+00
7.280598469075211021e+00
7.380029068726333463e+00
7.478394481322991005e+00
7.575663248172369357e+00
7.671803990210395163e+00
7.766785417491957944e+00
7.860576338803471508e+00
7.953145671376616654e+00
8.044462450740143211e+00
8.134495840652798293e+00
8.223215143173604247e+00
8.310589808817496760e+00
8.396589446817122493e+00
8.481183835491922451e+00
8.564342932691454635e+00
8.646036886348428041e+00
8.726236045103325623e+00
8.804910969011087829e+00
8.882032440320937638e+00
8.957571474326465832e+00
9.031499330270108317e+00
9.103787522315878178e+00
9.174407830552864240e+00
9.243332312054764799e+00
9.310533311964485748e+00
9.375983474604538515e+00
9.439655754614166838e+00
9.501523428079112321e+00
9.561560103677573252e+00
9.619739733807103121e+00
9.676036625703350325e+00
9.730425452521149765e+00
9.782881264386288578e+00
9.833379499399494961e+00
9.881895994578577813e+00
9.928406996738814883e+00
9.972889173296625387e+00
1.001531962297674028e+01
1.005567588643019583e+01
1.009393595673896549e+01
1.013007828979494818e+01
1.016408181455521742e+01
1.019592594315194134e+01
1.022559058084533845e+01
1.025305613581805808e+01
1.027830352878668663e+01
1.030131420243660578e+01
1.032207013065015211e+01
1.034055382753485475e+01
1.035674835622878476e+01
1.037063733747652883e+01
1.038220495797488496e+01
1.039143597846114453e+01
1.039831574154828786e+01
1.040283017929032106e+01
1.040496582047719798e+01
1.040470979763484038e+01
1.040204985374559143e+01
1.039697434865497527e+01
1.038947226517876210e+01
1.037953321489099068e+01
1.036714744359107421e+01
1.035230583644013791e+01
1.033499992276967205e+01
1.031522188054647238e+01
1.029296454049383058e+01
1.026822138986813293e+01
1.024098657588482730e+01
1.021125490878385023e+01
1.017902186455176761e+01
1.014428358726825863e+01
1.010703689110867209e+01
1.006727926198153256e+01
1.002500885880236581e+01
9.980224514409655967e+00
9.932925736128074945e+00
9.883112705967434408e+00
9.830786280473622796e+00
9.775947990218490702e+00
9.718600038959213094e+00
9.658745302434914137e+00
9.596387326833767162e+00
9.531530326923890684e+00
9.464179183858117739e+00
9.394339442652348993e+00
9.322017309348860081e+00
9.247219647869762582e+00
9.169953976573406607e+00
9.090228464516334483e+00
9.008051927420195781e+00
8.923433823380079843e+00
8.836384248287670218e+00
8.746913931009627774e+00
8.655034228313690292e+00
8.560757119548890515e+00
8.464095201112511901e+00
8.365061680685956347e+00
8.263670371274557169e+00
8.159935685046260545e+00
8.053872626977126359e+00
7.945496788348107131e+00
7.834824340047208402e+00
7.721872025745822654e+00
7.606657154926445230e+00
7.489197595774371941e+00
7.369511767965675197e+00
7.247618635339178716e+00
7.123537698479801783e+00
6.997288987218327705e+00
6.868893053048001462e+00
6.738370961500574907e+00
6.605744284447060188e+00
6.471035092383733200e+00
6.334265946666993941e+00
6.195459891734782509e+00
6.054640447334670661e+00
5.911831600721558999e+00
5.767057798895622867e+00
5.620343940840082375e+00
5.471715369789533767e+00
5.321197865546029249e+00
5.168817636819411199e+00
5.014601313643584746e+00
4.858575939838112312e+00
4.700768965533089094e+00
4.541208239788591783e+00
4.379922003269260955e+00
4.216938881033643227e+00
4.052287875391713534e+00
3.885998358873608893e+00
3.718100067303872880e+00
3.548623092974476201e+00
3.377597877937715154e+00
3.205055207418128216e+00
3.031026203330022817e+00
2.855542317938601915e+00
2.678635327627468588e+00
2.500337326809350280e+00
2.320680721961527748e+00
2.139698225784355312e+00
1.957422851516939843e+00
1.773887907353413507e+00
1.589126991027659974e+00
1.403173984512352535e+00
1.216063048848246453e+00
1.027828619132307608e+00
8.385053996120138686e-01
6.481283589274502432e-01
4.567327254798438374e-01
2.643539829233959582e-01
7.102786579610356754e-02
1.232096447512306403e-01
3.183223250629066414e-01
5.142737130152591485e-01
7.110271119175305410e-01
9.085455942898432724e-01
1.106792005566817672e+00
1.305728967667669105e+00
1.505318882490609633e+00
1.705523935313888240e+00
1.906306098090932988e+00
2.107627132692337479e+00
