-1.707621027070738151e-02
-2.035057948401575167e-02
-2.266929193698702383e-02
-2.412777286293571466e-02
-2.482262053028910787e-02
-2.485127032885930953e-02
-2.430999130608163528e-02
-2.329129031910781578e-02
-2.188149789614901586e-02
-2.015897136833483261e-02
-1.819306172704515667e-02
-1.604379491789353906e-02
-1.376211754739953275e-02
-1.139052854206773491e-02
-8.963933331602669252e-03
-6.510591560553002921e-03
-4.053067423800238434e-03
-1.609125246586629032e-03
8.074611231197459382e-04
3.186198258385841697e-03
5.519263734098223129e-03
7.800991643713173218e-03
1.002744373692632252e-02
1.219605545485014098e-02
1.430534607707989458e-02
1.635468288697683459e-02
1.834409031398209766e-02
2.027409619278919273e-02
2.214560844263679940e-02
2.395981654548201556e-02
2.571811315689392918e-02
2.742203200539211627e-02
2.907319893470367012e-02
3.067329352470177239e-02
3.222401920933637420e-02
3.372708020561726583e-02
3.518416389063921956e-02
3.659692752709076125e-02
3.796698845046359017e-02
3.929591700438883617e-02
4.058523164978405928e-02
4.183639578610959253e-02
4.305081591421000553e-02
4.422984084337105992e-02
4.537476170398907493e-02
4.648681257563530567e-02
4.756717157778300731e-02
4.861696230218964798e-02
4.963725549020248096e-02
5.062907087874535250e-02
5.159337915472222980e-02
5.253110397049137736e-02
5.344312398386991125e-02
5.433027489397018739e-02
5.519335145137665988e-02
5.603310942641231973e-02
5.685026752334043643e-02
5.764550923204725397e-02
5.841948461163570805e-02
5.917281200152335607e-02
5.990607965897642995e-02
6.061984732158365308e-02
6.131464769547484428e-02
6.199098787025691948e-02
6.264935066216087423e-02
6.329019588781964467e-02
6.391396157089435093e-02
6.452106508396387996e-02
6.511190422901874664e-02
6.568685825855058447e-02
6.624628884068811674e-02
6.679054097094017095e-02
6.731994383315131891e-02
6.783481161270499271e-02
6.833544426414639439e-02
6.882212823615613262e-02
6.929513715590485123e-02
6.975473247532038013e-02
7.020116408140686382e-02
7.063467087266905864e-02
7.105548130354799596e-02
7.146381389901668157e-02
7.185987774066682210e-02
7.224387292647294068e-02
7.261599100529020356e-02
7.297641538799909400e-02
7.332532173650202489e-02
7.366287833188428502e-02
7.398924642300058752e-02
7.430458055671568252e-02
7.460902889081716394e-02
7.490273349065945663e-02
7.518583061052286354e-02
7.545845096055187051e-02
7.572071996019508200e-02
7.597275797889968540e-02
7.621468056479169251e-02
7.644659866214259525e-02
7.666861881818048952e-02
7.688084337994127715e-02
7.708337068173598539e-02
7.727629522372264637e-02
7.745970784224337491e-02
7.763369587224933088e-02
7.779834330239121520e-02
7.795373092312951613e-02
7.809993646834961778e-02
7.823703475080329151e-02
7.836509779174899437e-02
7.848419494511266192e-02
7.859439301659676413e-02
7.869575637787135092e-02
7.878834707624293721e-02
7.887222494005935447e-02
7.894744768009881453e-02
7.901407098710144794e-02
7.907214862583122894e-02
7.912173252574772331e-02
7.916287286851425575e-02
7.919561817262832371e-02
7.922001537516337732e-02
7.923610991105872747e-02
7.924394578984927939e-02
7.924356567017959430e-02
7.923501093219470492e-02
7.921832174788306924e-02
7.919353714959892487e-02
7.916069509689138695e-02
7.911983254160359635e-02
7.907098549160657130e-02
7.901418907302831807e-02
7.894947759132081577e-02
7.887688459098884941e-02
7.879644291437520875e-02
7.870818475935326131e-02
7.861214173613279010e-02
7.850834492324859637e-02
7.839682492275840131e-02
7.827761191483062486e-02
7.815073571166353261e-02
7.801622581091255393e-02
7.787411144861028367e-02
7.772442165176718376e-02
7.756718529051775946e-02
7.740243113008921094e-02
7.723018788249058630e-02
7.705048425803684431e-02
7.686334901677072118e-02
7.666881101981243285e-02
7.646689928066341402e-02
7.625764301659920807e-02
7.604107170004986704e-02
7.581721511015843129e-02
7.558610338445159726e-02
7.534776707071177970e-02
7.510223717908187657e-02
7.484954523441272878e-02
7.458972332890512202e-02
7.432280417505260361e-02
7.404882115898853145e-02
7.376780839415186808e-02
7.347980077531407472e-02
7.318483403313330582e-02
7.288294478903517559e-02
7.257417061060900121e-02
7.225855006739695385e-02
7.193612278721978059e-02
7.160692951299851838e-02
7.127101215993802974e-02
7.092841387332560199e-02
7.057917908680305663e-02
7.022335358095704860e-02
6.986098454261374657e-02
6.949212062439508175e-02
6.911681200481928355e-02
6.873511044873803488e-02
6.834706936822737555e-02
6.795274388378297337e-02
6.755219088586528198e-02
6.714546909669077968e-02
6.673263913227422961e-02
6.631376356458940080e-02
6.588890698395039047e-02
6.545813606127431905e-02
6.502151961045260498e-02
6.457912865055348561e-02
6.413103646775092370e-02
6.367731867708947835e-02
6.321805328371293831e-02
6.275332074360306933e-02
6.228320402368814346e-02
6.180778866115299586e-02
6.132716282179745404e-02
6.084141735731174450e-02
6.035064586130756137e-02
5.985494472393609877e-02
5.935441318483952733e-02
5.884915338437757271e-02
5.833927041268710534e-02
5.782487235666555758e-02
5.730607034435641900e-02
5.678297858663328146e-02
5.625571441594590105e-02
5.572439832180492436e-02
5.518915398270846095e-02
5.465010829429545192e-02
5.410739139335285497e-02
5.356113667747258722e-02
5.301148081985068705e-02
5.245856377910318447e-02
5.190252880368279031e-02
5.134352243048512232e-02
5.078169447744873555e-02
5.021719802963620083e-02
4.965018941855292578e-02
4.908082819435527488e-02
4.850927709052577086e-02
4.793570198070884469e-02
4.736027182734442453e-02
4.678315862183968221e-02
4.620453731585050239e-02
4.562458574345085172e-02
4.504348453386031181e-02
4.446141701445954775e-02
4.387856910386234155e-02
4.329512919484962419e-02
4.271128802687818027e-02
4.212723854822475467e-02
4.154317576737182049e-02
4.095929659377456344e-02
4.037579966794674347e-02
3.979288518080109638e-02
3.921075468242340989e-02
3.862961088039623681e-02
3.804965742776689197e-02
3.747109870109577301e-02
3.689413956874121325e-02
3.631898514988141091e-02
3.574584056463403492e-02
3.517491067591160814e-02
3.460639982353308497e-02
3.404051155124898642e-02
3.347744832750715327e-02
3.291741126063363332e-02
3.236059980943550851e-02
3.180721149007004200e-02
3.125744158015114627e-02
3.071148282127789120e-02
3.016952512088111327e-02
2.963175525468247917e-02
2.909835657089643313e-02
2.856950869731622600e-02
2.804538725256494613e-02
2.752616356277215459e-02
2.701200438477341370e-02
2.650307163723270021e-02
2.599952214073980583e-02
2.550150736819545294e-02
2.500917320652723541e-02
2.452265973082057293e-02
2.404210099208542450e-02
2.356762481931423681e-02
2.309935263706669462e-02
2.263739929917590876e-02
2.218187293930190540e-02
2.173287483917429874e-02
2.129049931476645341e-02
2.085483362104467719e-02
2.042595787551465536e-02
2.000394500072072423e-02
1.958886068593956864e-02
1.918076336788121505e-02
1.877970423039776460e-02
1.838572722284598226e-02
1.799886909685283198e-02
1.761915946103859154e-02
1.724662085302153258e-02
1.688126882833412834e-02
1.652311206524059717e-02
1.617215248493419910e-02
1.582838538610786827e-02
1.549179959305230225e-02
1.516237761636496373e-02
1.484009582516176984e-02
1.452492462992505118e-02
1.421682867480122958e-02
1.391576703841318485e-02
1.362169344201313859e-02
1.333455646401215944e-02
1.305429975979127688e-02
1.278086228577562933e-02
1.251417852675890119e-02
1.225417872551393117e-02
1.200078911374674595e-02
1.175393214348591231e-02
1.151352671808780759e-02
1.127948842197040724e-02
1.105172974840384903e-02
1.083016032459682698e-02
1.061468713344632109e-02
1.040521473131167385e-02
1.020164546134910699e-02
1.000387966183297062e-02
9.811815869016027314e-03
9.625351014279970308e-03
9.444380615059588813e-03
9.268798959324975328e-03
9.098499283491878753e-03
8.933373943400768624e-03
8.773314578311763867e-03
8.618212267766989232e-03
8.467957681297266781e-03
8.322441220946386053e-03
8.181553156470344756e-03
8.045183753502826995e-03
7.913223394447221892e-03
7.785562692464720325e-03
7.662092598413494660e-03
7.542704501068531187e-03
7.427290320640211885e-03
7.315742595781993263e-03
7.207954564332819114e-03
7.103820237845115404e-03
7.003234470258912214e-03
6.906093020737580357e-03
6.812292611092729544e-03
6.721730977796047668e-03
6.634306918982091350e-03
6.549920336530790088e-03
6.468472273489567215e-03
6.389864947138834683e-03
6.314001777786126812e-03
6.240787413571924347e-03
6.170127751532694660e-03
6.101929955080187540e-03
6.036102468123027975e-03
5.972555026043269155e-03
5.911198663700767408e-03
5.851945720700746367e-03
5.794709844036460833e-03
5.739405988417323190e-03
5.685950414236529138e-03
5.634260683637259959e-03
5.584255654582648276e-03
5.535855473203676880e-03
5.488981564607420260e-03
5.443556622144518631e-03
5.399504595472448543e-03
5.356750677352473122e-03
5.315221289417637607e-03
5.274844067027439909e-03
5.235547843217114306e-03
5.197262632009924666e-03
5.159919611058938482e-03
5.123451103752174607e-03
5.087790560880600665e-03
5.052872541996045186e-03
5.018632696424829565e-03
4.985007744100211635e-03
4.951935456275424752e-03
4.919354636179595897e-03
4.887205099620539617e-03
4.855427655644950491e-03
4.823964087346144236e-03
4.792757132785818719e-03
4.761750466095948653e-03
4.730888678851852269e-03
4.700117261725533790e-03
4.669382586385772971e-03
4.638631887840138912e-03
4.607813247104186605e-03
4.576875574228977950e-03
4.545768591848631246e-03
4.514442819103625659e-03
-4.482849556070533925e-03
-4.450940868691632968e-03
-4.418669574139610923e-03
-4.385989226807218699e-03
-4.352854104732573060e-03
-4.319219196637469338e-03
-4.285040189457856030e-03
-4.250273456477215994e-03
-4.214876046034932155e-03
-4.178805670745411316e-03
-4.142020697338377744e-03
-4.104480137097077375e-03
-4.066143636824171015e-03
-4.026971470388274188e-03
-3.986924530910207487e-03
-3.945964323477768598e-03
-3.904052958439818699e-03
-3.861153145287232746e-03
-3.817228187070476064e-03
-3.772241975466938957e-03
-3.726158986308736321e-03
-3.678944275689211008e-03
-3.630563476701931247e-03
-3.580982796593079609e-03
-3.530169014544004558e-03
-3.478089479942547690e-03
-3.424712111185612695e-03
-3.370005394983111024e-03
-3.313938386174442030e-03
-3.256480708048015149e-03
-3.197602553105138856e-03
-3.137274684354152132e-03
-3.075468437008954670e-03
-3.012155720736930942e-03
-2.947309022230004683e-03
-2.880901408296887567e-03
-2.812906529350622797e-03
-2.743298623340217901e-03
-2.672052519991030550e-03
-2.599143645586443618e-03
-2.524548027959649943e-03
-2.448242302002967552e-03
-2.370203715435392766e-03
-2.290410134957843180e-03
-2.208840052725091763e-03
-2.125472593167310187e-03
-2.040287520044758995e-03
-1.953265243936574969e-03
-1.864386829834696613e-03
-1.773634005207080921e-03
-1.680989168140190060e-03
-1.586435395839080886e-03
-1.489956453358365351e-03
-1.391536802506865289e-03
-1.291161610992519471e-03
-1.188816761780842057e-03
-1.084488862594656933e-03
-9.781652556525854969e-04
-8.698340274810312245e-04
-7.594840189863449886e-04
-6.471048355493613791e-04
-5.326868573155563169e-04
-4.162212495819050950e-04
-2.976999732635099427e-04
-1.771157954506552556e-04
-5.446230007805086260e-05
7.026610141980249580e-05
1.970741593304570216e-04
3.259657749279387673e-04
4.569439896109361854e-04
5.900109741472370217e-04
7.251680178393393739e-04
8.624155177449632781e-04
1.001752967901836655e-03
1.143178948623868596e-03
1.286691115812921282e-03
1.432286190354736810e-03
1.579959947629328010e-03
1.729707207030750649e-03
1.881521821672060835e-03
2.035396668137290366e-03
2.191323636435316136e-03
2.349293620012904427e-03
2.509296505987579362e-03
2.671321165512496876e-03
2.835355444300913241e-03
3.001386153387908262e-03
3.169399060052036088e-03
3.339378878965071351e-03
3.511309263575013162e-03
3.685172797677882528e-03
3.860950987331634998e-03
4.038624252901745759e-03
4.218171921496649546e-03
4.399572219617120528e-03
4.582802266110075351e-03
4.767838065437401962e-03
4.954654501238331399e-03
5.143225330276113283e-03
5.333523176612953165e-03
5.525519526248523494e-03
5.719184722050185687e-03
5.914487959054692823e-03
6.111397280164410084e-03
6.309879572231114064e-03
6.509900562517934031e-03
6.711424815597499816e-03
6.914415730629230872e-03
7.118835539110468513e-03
7.324645303017629505e-03
7.531804913398998380e-03
7.740273089465676826e-03
7.950007378073664643e-03
8.160964153715533076e-03
8.373098618990382214e-03
8.586364805557966662e-03
8.800715575532858104e-03
9.016102623473631894e-03
9.232476478816031840e-03
9.449786508780644301e-03
9.667980921906182967e-03
9.887006772022199907e-03
1.010680996278234822e-02
1.032733525274687203e-02
1.054852626094976431e-02
1.077032547311568278e-02
1.099267424835109752e-02
1.121551282636124025e-02
1.143878033535911110e-02
1.166241480037699674e-02
1.188635315227665190e-02
1.211053123725835956e-02
1.233488382695613339e-02
1.255934462914209959e-02
1.278384629894824265e-02
1.300832045071520504e-02
1.323269767041596046e-02
1.345690752865613682e-02
1.368087859422123520e-02
1.390453844829869778e-02
1.412781369917209817e-02
1.435062999757785729e-02
1.457291205262234435e-02
1.479458364825614325e-02
1.501556766035716528e-02
1.523578607438452748e-02
1.545516000359925535e-02
1.567360970787068375e-02
1.589105461303674804e-02
1.610741333084386717e-02
1.632260367944832202e-02
1.653654270447368901e-02
1.674914670062815913e-02
1.696033123387491459e-02
1.717001116411470685e-02
1.737810066847050861e-02
1.758451326505605650e-02
1.778916183728712630e-02
1.799195865872366129e-02
1.819281541841194505e-02
1.839164324675762741e-02
1.858835274186043662e-02
1.878285399641582698e-02
1.897505662500087453e-02
1.916486979193215978e-02
1.935220223953504348e-02
1.953696231690021934e-02
1.971905800907902684e-02
1.989839696673773028e-02
2.007488653621886110e-02
2.024843379004276356e-02
2.041894555783702048e-02
2.058632845764368779e-02
2.075048892763348141e-02
2.091133325818844702e-02
2.106876762438064654e-02
2.122269811879895496e-02
2.137303078472252427e-02
2.151967164963491941e-02
2.166252675908231229e-02
2.180150221081328388e-02
2.193650418926179624e-02
2.206743900029400907e-02
2.219421310626251698e-02
2.231673316132104512e-02
2.243490604695053126e-02
2.254863890781599878e-02
2.265783918780073236e-02
2.276241466626710563e-02
2.286227349452690794e-02
-2.295732423254176480e-02
-2.304747588573741179e-02
-2.313263794206993351e-02
-2.321272040920635549e-02
-2.328763385184534629e-02
-2.335728942920711759e-02
-2.342159893261153147e-02
-2.348047482320392287e-02
-2.353383026974364967e-02
-2.358157918648584594e-02
-2.362363627115171560e-02
-2.365991704297931708e-02
-2.369033788074714764e-02
-2.371481606091735417e-02
-2.373326979576306783e-02
-2.374561827152205096e-02
-2.375178168652347654e-02
-2.375168128936189227e-02
-2.374523941698436502e-02
-2.373237953277324008e-02
-2.371302626458493545e-02
-2.368710544274116314e-02
-2.365454413788170562e-02
-2.361527069884100660e-02
-2.356921479034967959e-02
-2.351630743065596940e-02
-2.345648102902941901e-02
-2.338966942314074648e-02
-2.331580791628257154e-02
-2.323483331446979383e-02
-2.314668396334984557e-02
-2.305129978492281850e-02
-2.294862231411692877e-02
-2.283859473515092997e-02
-2.272116191762635351e-02
-2.259627045251316746e-02
-2.246386868778221801e-02
-2.232390676384593542e-02
-2.217633664877838306e-02
-2.202111217315677605e-02
-2.185818906474490397e-02
-2.168752498276027563e-02
-2.150907955194791832e-02
-2.132281439624827968e-02
-2.112869317213122988e-02
-2.092668160169436353e-02
-2.071674750523222475e-02
-2.049886083356095012e-02
-2.027299369992691114e-02
-2.003912041147515311e-02
-1.979721750036111949e-02
-1.954726375437609853e-02
-1.928924024721373476e-02
-1.902313036815533875e-02
-1.874891985142801420e-02
-1.846659680497508838e-02
-1.817615173875286594e-02
-1.787757759253200129e-02
-1.757086976315808124e-02
-1.725602613123133899e-02
-1.693304708729254093e-02
-1.660193555733785464e-02
-1.626269702782223714e-02
-1.591533957002128075e-02
-1.555987386372720271e-02
-1.519631322034858956e-02
-1.482467360530942413e-02
-1.444497365978686387e-02
-1.405723472175246513e-02
-1.366148084625801173e-02
-1.325773882502145895e-02
-1.284603820523277928e-02
-1.242641130763216806e-02
-1.199889324370723154e-02
-1.156352193214887913e-02
-1.112033811447055154e-02
-1.066938536973627283e-02
-1.021071012843682846e-02
-9.744361685501967685e-03
-9.270392212342215554e-03
-8.788856768038144640e-03
-8.299813309493531133e-03
-7.803322700680848101e-03
-7.299448720913925825e-03
-6.788258071994845988e-03
-6.269820384498414612e-03
-5.744208222870417213e-03
-5.211497089545713557e-03
-4.671765427930074654e-03
-4.125094624295833068e-03
-3.571569008585129268e-03
-3.011275854000572405e-03
-2.444305375507660472e-03
-1.870750727160919169e-03
-1.290707998141238377e-03
-7.042762077331676807e-04
-1.115572989560109640e-04
4.873438689641518273e-04
1.092319529438778858e-03
1.703259018592473417e-03
2.320048786585982015e-03
2.942572410325861032e-03
3.570710607377181045e-03
4.204341251240917288e-03
4.843339387980982735e-03
5.487577254093378709e-03
6.136924295844559119e-03
6.791247189803006901e-03
7.450409864866003318e-03
8.114273525574422496e-03
8.782696676773171784e-03
9.455535149691163266e-03
1.013264212930614638e-02
1.081386818316665277e-02
1.149906129150618517e-02
1.218806687872087124e-02
1.288072784626259626e-02
1.357688460679312703e-02
1.427637511973633977e-02
1.497903492818442039e-02
1.568469719705256615e-02
1.639319275259726316e-02
1.710435012327093940e-02
1.781799558174468334e-02
1.853395318833778171e-02
1.925204483560510882e-02
1.997209029419949600e-02
2.069390725993064395e-02
2.141731140203373407e-02
2.214211641260416252e-02
2.286813405715709679e-02
2.359517422631679517e-02
2.432304498865911491e-02
2.505155264447223029e-02
2.578050178073687526e-02
2.650969532693198127e-02
2.723893461195814325e-02
2.796801942191895485e-02
2.869674805878469348e-02
2.942491740002600720e-02
3.015232295894682002e-02
3.087875894589992010e-02
3.160401833027021157e-02
3.232789290306020691e-02
3.305017334029874965e-02
3.377064926691825120e-02
3.448910932139526153e-02
3.520534122081181438e-02
3.591913182645534164e-02
3.663026720992684782e-02
3.733853271960241305e-02
3.804371304747666827e-02
3.874559229642171587e-02
3.944395404759187818e-02
4.013858142820098118e-02
4.082925717940666388e-02
4.151576372437537632e-02
4.219788323650325301e-02
4.287539770759357660e-02
4.354808901618340000e-02
4.421573899572395216e-02
4.487812950281078184e-02
4.553504248523676523e-02
4.618626004989623279e-02
4.683156453055770108e-02
4.747073855535632880e-02
4.810356511404145774e-02
4.872982762492911180e-02
4.934931000149145319e-02
4.996179671864231508e-02
5.056707287847528320e-02
5.116492427573032797e-02
5.175513746267951243e-02
5.233749981352903147e-02
5.291179958831687680e-02
5.347782599624201216e-02
5.403536925839852456e-02
5.458422066994284005e-02
5.512417266154456819e-02
5.565501886034884826e-02
5.617655415007705155e-02
5.668857473057775653e-02
5.719087817668283558e-02
5.768326349620644944e-02
5.816553118742640027e-02
5.863748329565260375e-02
5.909892346914924488e-02
5.954965701429637548e-02
5.998949094992295228e-02
6.041823406102575511e-02
6.083569695156126889e-02
6.124169209661561863e-02
6.163603389374661123e-02
6.201853871357565495e-02
6.238902494968234791e-02
6.274731306767866723e-02
6.309322565362829316e-02
6.342658746172030737e-02
6.374722546117361777e-02
6.405496888256723143e-02
6.434964926337477520e-02
6.463110049287279502e-02
6.489915885642999482e-02
6.515366307911757415e-02
6.539445436874125051e-02
6.562137645825882881e-02
6.583427564764954276e-02
6.603300084522800706e-02
6.621740360841243955e-02
-6.638733818403941278e-02
-6.654266154815441370e-02
-6.668323344538806818e-02
-6.680891642790109941e-02
-6.691957589389946337e-02
-6.701508012582951812e-02
-6.709530032818750156e-02
-6.716011066505112037e-02
-6.720938829727013397e-02
-6.724301341943772492e-02
-6.726086929662028480e-02
-6.726284230084078608e-02
-6.724882194745657182e-02
-6.721870093126997014e-02
-6.717237516265162078e-02
-6.710974380341261369e-02
-6.703070930269849903e-02
-6.693517743280108512e-02
-6.682305732491472527e-02
-6.669426150490082028e-02
-6.654870592907552451e-02
-6.638631001999395487e-02
-6.620699670231733336e-02
-6.601069243872875747e-02
-6.579732726593490177e-02
-6.556683483076497510e-02
-6.531915242638469676e-02
-6.505422102864383271e-02
-6.477198533251621315e-02
-6.447239378873043103e-02
-6.415539864050728847e-02
-6.382095596048409369e-02
-6.346902568774748232e-02
-6.309957166505775206e-02
-6.271256167620203881e-02
-6.230796748350381220e-02
-6.188576486546915056e-02
-6.144593365457817757e-02
-6.098845777512135191e-02
-6.051332528128772204e-02
-6.002052839515981120e-02
-5.951006354495530504e-02
-5.898193140316898564e-02
-5.843613692482613198e-02
-5.787268938570783172e-02
-5.729160242053549235e-02
-5.669289406108340978e-02
-5.607658677421956117e-02
-5.544270749976876189e-02
-5.479128768822899564e-02
-5.412236333825415358e-02
-5.343597503382402358e-02
-5.273216798115926141e-02
-5.201099204521575370e-02
-5.127250178582415385e-02
-5.051675649321818451e-02
-4.974382022312900942e-02
-4.895376183125715874e-02
-4.814665500701370560e-02
-4.732257830659725162e-02
-4.648161518521826130e-02
-4.562385402841723225e-02
-4.474938818252666151e-02
-4.385831598395517616e-02
-4.295074078751165425e-02
-4.202677099344631628e-02
-4.108652007318364108e-02
-4.013010659385041201e-02
-3.915765424116540716e-02
-3.816929184099676631e-02
-3.716515337912795758e-02
-3.614537801940892470e-02
-3.511011012015213817e-02
-3.405949924852214039e-02
-3.299370019306818724e-02
-3.191287297413880619e-02
-3.081718285210732766e-02
-2.970680033345679538e-02
-2.858190117440595479e-02
-2.744266638220077548e-02
-2.628928221388332487e-02
-2.512194017238056354e-02
-2.394083700005555926e-02
-2.274617466934925059e-02
-2.153816037069489209e-02
-2.031700649743617415e-02
-1.908293062770910486e-02
-1.783615550342732003e-02
-1.657690900586555882e-02
-1.530542412829288823e-02
-1.402193894515157968e-02
-1.272669657794567311e-02
-1.141994515786071140e-02
-1.010193778476287108e-02
-8.772932482882689342e-03
-7.433192152896672678e-03
-6.082984520448753152e-03
-4.722582081175763502e-03
-3.352262042009057641e-03
-1.972306258983091976e-03
-5.830011713250926597e-04
8.153622681148497975e-04
2.222488665902411231e-03
3.638078264937116835e-03
5.061827024704257383e-03
6.493426705308613656e-03
7.932564955042797905e-03
9.378925401316628996e-03
1.083218774528238448e-02
1.229202785971544865e-02
1.375811789029240950e-02
1.523012636029730249e-02
1.670771827829070633e-02
1.819055524922280620e-02
1.967829558834022219e-02
2.117059443821112108e-02
2.266710388860404546e-02
2.416747309897604445e-02
2.567134842381452176e-02
2.717837354028623809e-02
2.868818957838098482e-02
3.020043525334892287e-02
3.171474700008319880e-02
3.323075910971934332e-02
3.474810386777194005e-02
3.626641169417466060e-02
3.778531128474732492e-02
3.930442975391140736e-02
4.082339277877300443e-02
4.234182474403536123e-02
4.385934888785270047e-02
4.537558744837533187e-02
4.689016181062805044e-02
4.840269265391566877e-02
4.991280009915577409e-02
5.142010385627499014e-02
5.292422337142893563e-02
5.442477797360695257e-02
5.592138702096033365e-02
5.741367004601893864e-02
5.890124690026948828e-02
6.038373789748352483e-02
6.186076395574163778e-02
6.333194673810277342e-02
6.479690879158933603e-02
6.625527368440675691e-02
6.770666614129877692e-02
6.915071217672202897e-02
7.058703922592240998e-02
7.201527627349718630e-02
7.343505397957761360e-02
7.484600480337555428e-02
7.624776312384839994e-02
7.763996535770745222e-02
7.902225007423502312e-02
8.039425810716127607e-02
8.175563266337465551e-02
8.310601942823681032e-02
8.444506666768114567e-02
8.577242532690648735e-02
8.708774912546179969e-02
8.839069464895310535e-02
8.968092143703371155e-02
9.095809206786698020e-02
9.222187223890593311e-02
9.347193084391985929e-02
9.470794004645582964e-02
9.592957534944995812e-02
9.713651566120523606e-02
9.832844335769458377e-02
9.950504434106638429e-02
1.006660080946038538e-01
1.018110277339009939e-01
1.029398000545648784e-01
1.040520255762937829e-01
1.051474085833966066e-01
1.062256571619392687e-01
1.072864832333713658e-01
1.083296025849487809e-01
1.093547348968004207e-01
1.103616037658008975e-01
1.113499367264590423e-01
1.123194652686269612e-01
1.132699248523849622e-01
1.142010549201563085e-01
1.151125989059221255e-01
1.160043042420180748e-01
1.168759223632590549e-01
1.177272087087720132e-01
1.185579227215131648e-01
1.193678278455862496e-01
1.201566915215732112e-01
1.209242851798928986e-01
1.216703842323806906e-01
1.223947680622265444e-01
1.230972200122839588e-01
1.237775273720691516e-01
1.244354813633614665e-01
1.250708771247419637e-01
1.256835136950665843e-01
1.262731939959972904e-01
1.268397248138717348e-01
1.273829167808239182e-01
1.279025843554962294e-01
1.283985458033397031e-01
1.288706231766313381e-01
1.293186422944707648e-01
1.297424327226888163e-01
1.301418277539634349e-01
1.305166643881767174e-01
1.308667833131625935e-01
1.311920288859443340e-01
1.314922491146517380e-01
1.317672956411237162e-01
1.320170237244424061e-01
1.322412922253939360e-01
-1.324399635920404661e-01
-1.326129038465234111e-01
-1.327599825731018979e-01
-1.328810729077249397e-01
-1.329760515289870604e-01
-1.330447986508005997e-01
-1.330871980167500079e-01
-1.331031368962434236e-01
-1.330925060825842721e-01
-1.330551998930334379e-01
-1.329911161709304568e-01
