0.000000000000000000e+00
8.008008008008008494e-01
1.601601601601601699e+00
2.402402402402402437e+00
3.203203203203203397e+00
4.004004004004004358e+00
4.804804804804804874e+00
5.605605605605606279e+00
6.406406406406406795e+00
7.207207207207207311e+00
8.008008008008008716e+00
8.808808808808809232e+00
9.609609609609609748e+00
1.041041041041041026e+01
1.121121121121121256e+01
1.201201201201201307e+01
1.281281281281281359e+01
1.361361361361361411e+01
1.441441441441441462e+01
1.521521521521521692e+01
1.601601601601601743e+01
1.681681681681681795e+01
1.761761761761761846e+01
1.841841841841841898e+01
1.921921921921921950e+01
2.002002002002002001e+01
2.082082082082082053e+01
2.162162162162162460e+01
2.242242242242242511e+01
2.322322322322322563e+01
2.402402402402402615e+01
2.482482482482482666e+01
2.562562562562562718e+01
2.642642642642642770e+01
2.722722722722722821e+01
2.802802802802802873e+01
2.882882882882882924e+01
2.962962962962962976e+01
3.043043043043043383e+01
3.123123123123123435e+01
3.203203203203203486e+01
3.283283283283283538e+01
3.363363363363363590e+01
3.443443443443443641e+01
3.523523523523523693e+01
3.603603603603603744e+01
3.683683683683683796e+01
3.763763763763763848e+01
3.843843843843843899e+01
3.923923923923923951e+01
4.004004004004004003e+01
4.084084084084084054e+01
4.164164164164164106e+01
4.244244244244244157e+01
4.324324324324324920e+01
4.404404404404404971e+01
4.484484484484485023e+01
4.564564564564565075e+01
4.644644644644645126e+01
4.724724724724725178e+01
4.804804804804805229e+01
4.884884884884885281e+01
4.964964964964965333e+01
5.045045045045045384e+01
5.125125125125125436e+01
5.205205205205205488e+01
5.285285285285285539e+01
5.365365365365365591e+01
5.445445445445445642e+01
5.525525525525525694e+01
5.605605605605605746e+01
5.685685685685685797e+01
5.765765765765765849e+01
5.845845845845845901e+01
5.925925925925925952e+01
6.006006006006006714e+01
6.086086086086086766e+01
6.166166166166166818e+01
6.246246246246246869e+01
6.326326326326326921e+01
6.406406406406406973e+01
6.486486486486487024e+01
6.566566566566567076e+01
6.646646646646647127e+01
6.726726726726727179e+01
6.806806806806807231e+01
6.886886886886887282e+01
6.966966966966967334e+01
7.047047047047047386e+01
7.127127127127127437e+01
7.207207207207207489e+01
7.287287287287287540e+01
7.367367367367367592e+01
7.447447447447447644e+01
7.527527527527527695e+01
7.607607607607607747e+01
7.687687687687687799e+01
7.767767767767767850e+01
7.847847847847847902e+01
7.927927927927927954e+01
8.008008008008008005e+01
8.088088088088088057e+01
8.168168168168168108e+01
8.248248248248248160e+01
8.328328328328328212e+01
8.408408408408408263e+01
8.488488488488488315e+01
8.568568568568569788e+01
8.648648648648649839e+01
8.728728728728729891e+01
8.808808808808809943e+01
8.888888888888889994e+01
8.968968968968970046e+01
9.049049049049050097e+01
9.129129129129130149e+01
9.209209209209210201e+01
9.289289289289290252e+01
9.369369369369370304e+01
9.449449449449450356e+01
9.529529529529530407e+01
9.609609609609610459e+01
9.689689689689690510e+01
9.769769769769770562e+01
9.849849849849850614e+01
9.929929929929930665e+01
1.001001001001001072e+02
1.009009009009009077e+02
1.017017017017017082e+02
1.025025025025025087e+02
1.033033033033033092e+02
1.041041041041041098e+02
1.049049049049049103e+02
1.057057057057057108e+02
1.065065065065065113e+02
1.073073073073073118e+02
1.081081081081081123e+02
1.089089089089089128e+02
1.097097097097097134e+02
1.105105105105105139e+02
1.113113113113113144e+02
1.121121121121121149e+02
1.129129129129129154e+02
1.137137137137137159e+02
1.145145145145145165e+02
1.153153153153153170e+02
1.161161161161161175e+02
1.169169169169169180e+02
1.177177177177177185e+02
1.185185185185185190e+02
1.193193193193193196e+02
1.201201201201201343e+02
1.209209209209209348e+02
1.217217217217217353e+02
1.225225225225225358e+02
1.233233233233233364e+02
1.241241241241241369e+02
1.249249249249249374e+02
1.257257257257257379e+02
1.265265265265265384e+02
1.273273273273273389e+02
1.281281281281281395e+02
1.289289289289289400e+02
1.297297297297297405e+02
1.305305305305305410e+02
1.313313313313313415e+02
1.321321321321321420e+02
1.329329329329329425e+02
1.337337337337337431e+02
1.345345345345345436e+02
1.353353353353353441e+02
1.361361361361361446e+02
1.369369369369369451e+02
1.377377377377377456e+02
1.385385385385385462e+02
1.393393393393393467e+02
1.401401401401401472e+02
1.409409409409409477e+02
1.417417417417417482e+02
1.425425425425425487e+02
1.433433433433433493e+02
1.441441441441441498e+02
1.449449449449449503e+02
1.457457457457457508e+02
1.465465465465465513e+02
1.473473473473473518e+02
1.481481481481481524e+02
1.489489489489489529e+02
1.497497497497497534e+02
1.505505505505505539e+02
1.513513513513513544e+02
1.521521521521521549e+02
1.529529529529529555e+02
1.537537537537537560e+02
1.545545545545545565e+02
1.553553553553553570e+02
1.561561561561561575e+02
1.569569569569569580e+02
1.577577577577577586e+02
1.585585585585585591e+02
1.593593593593593596e+02
1.601601601601601601e+02
1.609609609609609606e+02
1.617617617617617611e+02
1.625625625625625617e+02
1.633633633633633622e+02
1.641641641641641627e+02
1.649649649649649632e+02
1.657657657657657637e+02
1.665665665665665642e+02
1.673673673673673647e+02
1.681681681681681653e+02
1.689689689689689658e+02
1.697697697697697663e+02
1.705705705705705668e+02
1.713713713713713958e+02
1.721721721721721963e+02
1.729729729729729968e+02
1.737737737737737973e+02
1.745745745745745978e+02
1.753753753753753983e+02
1.761761761761761989e+02
1.769769769769769994e+02
1.777777777777777999e+02
1.785785785785786004e+02
1.793793793793794009e+02
1.801801801801802014e+02
1.809809809809810019e+02
1.817817817817818025e+02
1.825825825825826030e+02
1.833833833833834035e+02
1.841841841841842040e+02
1.849849849849850045e+02
1.857857857857858050e+02
1.865865865865866056e+02
1.873873873873874061e+02
1.881881881881882066e+02
1.889889889889890071e+02
1.897897897897898076e+02
1.905905905905906081e+02
1.913913913913914087e+02
1.921921921921922092e+02
1.929929929929930097e+02
1.937937937937938102e+02
1.945945945945946107e+02
1.953953953953954112e+02
1.961961961961962118e+02
1.969969969969970123e+02
1.977977977977978128e+02
1.985985985985986133e+02
1.993993993993994138e+02
2.002002002002002143e+02
2.010010010010010149e+02
2.018018018018018154e+02
2.026026026026026159e+02
2.034034034034034164e+02
2.042042042042042169e+02
2.050050050050050174e+02
2.058058058058058180e+02
2.066066066066066185e+02
2.074074074074074190e+02
2.082082082082082195e+02
2.090090090090090200e+02
2.098098098098098205e+02
2.106106106106106211e+02
2.114114114114114216e+02
2.122122122122122221e+02
2.130130130130130226e+02
2.138138138138138231e+02
2.146146146146146236e+02
2.154154154154154241e+02
2.162162162162162247e+02
2.170170170170170252e+02
2.178178178178178257e+02
2.186186186186186262e+02
2.194194194194194267e+02
2.202202202202202272e+02
2.210210210210210278e+02
2.218218218218218283e+02
2.226226226226226288e+02
2.234234234234234293e+02
2.242242242242242298e+02
2.250250250250250303e+02
2.258258258258258309e+02
2.266266266266266314e+02
2.274274274274274319e+02
2.282282282282282324e+02
2.290290290290290329e+02
2.298298298298298334e+02
2.306306306306306340e+02
2.314314314314314345e+02
2.322322322322322350e+02
2.330330330330330355e+02
2.338338338338338360e+02
2.346346346346346365e+02
2.354354354354354371e+02
2.362362362362362376e+02
2.370370370370370381e+02
2.378378378378378386e+02
2.386386386386386391e+02
2.394394394394394681e+02
2.402402402402402686e+02
2.410410410410410691e+02
2.418418418418418696e+02
2.426426426426426701e+02
2.434434434434434706e+02
2.442442442442442712e+02
2.450450450450450717e+02
2.458458458458458722e+02
2.466466466466466727e+02
2.474474474474474732e+02
2.482482482482482737e+02
2.490490490490490743e+02
2.498498498498498748e+02
2.506506506506506753e+02
2.514514514514514758e+02
2.522522522522522763e+02
2.530530530530530768e+02
2.538538538538538774e+02
2.546546546546546779e+02
2.554554554554554784e+02
2.562562562562562789e+02
2.570570570570570794e+02
2.578578578578578799e+02
2.586586586586586805e+02
2.594594594594594810e+02
2.602602602602602815e+02
2.610610610610610820e+02
2.618618618618618825e+02
2.626626626626626830e+02
2.634634634634634835e+02
2.642642642642642841e+02
2.650650650650650846e+02
2.658658658658658851e+02
2.666666666666666856e+02
2.674674674674674861e+02
2.682682682682682866e+02
2.690690690690690872e+02
2.698698698698698877e+02
2.706706706706706882e+02
2.714714714714714887e+02
2.722722722722722892e+02
2.730730730730730897e+02
2.738738738738738903e+02
2.746746746746746908e+02
2.754754754754754913e+02
2.762762762762762918e+02
2.770770770770770923e+02
2.778778778778778928e+02
2.786786786786786934e+02
2.794794794794794939e+02
2.802802802802802944e+02
2.810810810810810949e+02
2.818818818818818954e+02
2.826826826826826959e+02
2.834834834834834965e+02
2.842842842842842970e+02
2.850850850850850975e+02
2.858858858858858980e+02
2.866866866866866985e+02
2.874874874874874990e+02
2.882882882882882996e+02
2.890890890890891001e+02
2.898898898898899006e+02
2.906906906906907011e+02
2.914914914914915016e+02
2.922922922922923021e+02
2.930930930930931027e+02
2.938938938938939032e+02
2.946946946946947037e+02
2.954954954954955042e+02
2.962962962962963047e+02
2.970970970970971052e+02
2.978978978978979058e+02
2.986986986986987063e+02
2.994994994994995068e+02
3.003003003003003073e+02
3.011011011011011078e+02
3.019019019019019083e+02
3.027027027027027088e+02
3.035035035035035094e+02
3.043043043043043099e+02
3.051051051051051104e+02
3.059059059059059109e+02
3.067067067067067114e+02
3.075075075075075119e+02
3.083083083083083125e+02
3.091091091091091130e+02
3.099099099099099135e+02
3.107107107107107140e+02
3.115115115115115145e+02
3.123123123123123150e+02
3.131131131131131156e+02
3.139139139139139161e+02
3.147147147147147166e+02
3.155155155155155171e+02
3.163163163163163176e+02
3.171171171171171181e+02
3.179179179179179187e+02
3.187187187187187192e+02
3.195195195195195197e+02
3.203203203203203202e+02
3.211211211211211207e+02
3.219219219219219212e+02
3.227227227227227218e+02
3.235235235235235223e+02
3.243243243243243228e+02
3.251251251251251233e+02
3.259259259259259238e+02
3.267267267267267243e+02
3.275275275275275249e+02
3.283283283283283254e+02
3.291291291291291259e+02
3.299299299299299264e+02
3.307307307307307269e+02
3.315315315315315274e+02
3.323323323323323280e+02
3.331331331331331285e+02
3.339339339339339290e+02
3.347347347347347295e+02
3.355355355355355300e+02
3.363363363363363305e+02
3.371371371371371310e+02
3.379379379379379316e+02
3.387387387387387321e+02
3.395395395395395326e+02
3.403403403403403331e+02
3.411411411411411336e+02
3.419419419419419910e+02
3.427427427427427915e+02
3.435435435435435920e+02
3.443443443443443925e+02
3.451451451451451931e+02
3.459459459459459936e+02
3.467467467467467941e+02
3.475475475475475946e+02
3.483483483483483951e+02
3.491491491491491956e+02
3.499499499499499962e+02
3.507507507507507967e+02
3.515515515515515972e+02
3.523523523523523977e+02
3.531531531531531982e+02
3.539539539539539987e+02
3.547547547547547993e+02
3.555555555555555998e+02
3.563563563563564003e+02
3.571571571571572008e+02
3.579579579579580013e+02
3.587587587587588018e+02
3.595595595595596023e+02
3.603603603603604029e+02
3.611611611611612034e+02
3.619619619619620039e+02
3.627627627627628044e+02
3.635635635635636049e+02
3.643643643643644054e+02
3.651651651651652060e+02
3.659659659659660065e+02
3.667667667667668070e+02
3.675675675675676075e+02
3.683683683683684080e+02
3.691691691691692085e+02
3.699699699699700091e+02
3.707707707707708096e+02
3.715715715715716101e+02
3.723723723723724106e+02
3.731731731731732111e+02
3.739739739739740116e+02
3.747747747747748122e+02
3.755755755755756127e+02
3.763763763763764132e+02
3.771771771771772137e+02
3.779779779779780142e+02
3.787787787787788147e+02
3.795795795795796153e+02
3.803803803803804158e+02
3.811811811811812163e+02
3.819819819819820168e+02
3.827827827827828173e+02
3.835835835835836178e+02
3.843843843843844184e+02
3.851851851851852189e+02
3.859859859859860194e+02
3.867867867867868199e+02
3.875875875875876204e+02
3.883883883883884209e+02
3.891891891891892215e+02
3.899899899899900220e+02
3.907907907907908225e+02
3.915915915915916230e+02
3.923923923923924235e+02
3.931931931931932240e+02
3.939939939939940245e+02
3.947947947947948251e+02
3.955955955955956256e+02
3.963963963963964261e+02
3.971971971971972266e+02
3.979979979979980271e+02
3.987987987987988276e+02
3.995995995995996282e+02
4.004004004004004287e+02
4.012012012012012292e+02
4.020020020020020297e+02
4.028028028028028302e+02
4.036036036036036307e+02
4.044044044044044313e+02
4.052052052052052318e+02
4.060060060060060323e+02
4.068068068068068328e+02
4.076076076076076333e+02
4.084084084084084338e+02
4.092092092092092344e+02
4.100100100100100349e+02
4.108108108108108354e+02
4.116116116116116359e+02
4.124124124124124364e+02
4.132132132132132369e+02
4.140140140140140375e+02
4.148148148148148380e+02
4.156156156156156385e+02
4.164164164164164390e+02
4.172172172172172395e+02
4.180180180180180400e+02
4.188188188188188406e+02
4.196196196196196411e+02
4.204204204204204416e+02
4.212212212212212421e+02
4.220220220220220426e+02
4.228228228228228431e+02
4.236236236236236437e+02
4.244244244244244442e+02
4.252252252252252447e+02
4.260260260260260452e+02
4.268268268268268457e+02
4.276276276276276462e+02
4.284284284284284468e+02
4.292292292292292473e+02
4.300300300300300478e+02
4.308308308308308483e+02
4.316316316316316488e+02
4.324324324324324493e+02
4.332332332332332498e+02
4.340340340340340504e+02
4.348348348348348509e+02
4.356356356356356514e+02
4.364364364364364519e+02
4.372372372372372524e+02
4.380380380380380529e+02
4.388388388388388535e+02
4.396396396396396540e+02
4.404404404404404545e+02
4.412412412412412550e+02
4.420420420420420555e+02
4.428428428428428560e+02
4.436436436436436566e+02
4.444444444444444571e+02
4.452452452452452576e+02
4.460460460460460581e+02
4.468468468468468586e+02
4.476476476476476591e+02
4.484484484484484597e+02
4.492492492492492602e+02
4.500500500500500607e+02
4.508508508508508612e+02
4.516516516516516617e+02
4.524524524524524622e+02
4.532532532532532628e+02
4.540540540540540633e+02
4.548548548548548638e+02
4.556556556556556643e+02
4.564564564564564648e+02
4.572572572572572653e+02
4.580580580580580659e+02
4.588588588588588664e+02
4.596596596596596669e+02
4.604604604604604674e+02
4.612612612612612679e+02
4.620620620620620684e+02
4.628628628628628690e+02
4.636636636636636695e+02
4.644644644644644700e+02
4.652652652652652705e+02
4.660660660660660710e+02
4.668668668668668715e+02
4.676676676676676720e+02
4.684684684684684726e+02
4.692692692692692731e+02
4.700700700700700736e+02
4.708708708708708741e+02
4.716716716716716746e+02
4.724724724724724751e+02
4.732732732732732757e+02
4.740740740740740762e+02
4.748748748748748767e+02
4.756756756756756772e+02
4.764764764764764777e+02
4.772772772772772782e+02
4.780780780780780788e+02
4.788788788788789361e+02
4.796796796796797366e+02
4.804804804804805372e+02
4.812812812812813377e+02
4.820820820820821382e+02
4.828828828828829387e+02
4.836836836836837392e+02
4.844844844844845397e+02
4.852852852852853403e+02
4.860860860860861408e+02
4.868868868868869413e+02
4.876876876876877418e+02
4.884884884884885423e+02
4.892892892892893428e+02
4.900900900900901433e+02
4.908908908908909439e+02
4.916916916916917444e+02
4.924924924924925449e+02
4.932932932932933454e+02
4.940940940940941459e+02
4.948948948948949464e+02
4.956956956956957470e+02
4.964964964964965475e+02
4.972972972972973480e+02
4.980980980980981485e+02
4.988988988988989490e+02
4.996996996996997495e+02
5.005005005005005501e+02
5.013013013013013506e+02
5.021021021021021511e+02
5.029029029029029516e+02
5.037037037037037521e+02
5.045045045045045526e+02
5.053053053053053532e+02
5.061061061061061537e+02
5.069069069069069542e+02
5.077077077077077547e+02
5.085085085085085552e+02
5.093093093093093557e+02
5.101101101101101563e+02
5.109109109109109568e+02
5.117117117117117573e+02
5.125125125125125578e+02
5.133133133133133015e+02
5.141141141141141588e+02
5.149149149149149025e+02
5.157157157157157599e+02
5.165165165165165035e+02
5.173173173173173609e+02
5.181181181181181046e+02
5.189189189189189619e+02
5.197197197197197056e+02
5.205205205205205630e+02
5.213213213213213066e+02
5.221221221221221640e+02
5.229229229229229077e+02
5.237237237237237650e+02
5.245245245245245087e+02
5.253253253253253661e+02
5.261261261261261097e+02
5.269269269269269671e+02
5.277277277277277108e+02
5.285285285285285681e+02
5.293293293293293118e+02
5.301301301301301692e+02
5.309309309309309128e+02
5.317317317317317702e+02
5.325325325325325139e+02
5.333333333333333712e+02
5.341341341341341149e+02
5.349349349349349723e+02
5.357357357357357159e+02
5.365365365365365733e+02
5.373373373373373170e+02
5.381381381381381743e+02
5.389389389389389180e+02
5.397397397397397754e+02
5.405405405405405190e+02
5.413413413413413764e+02
5.421421421421421201e+02
5.429429429429429774e+02
5.437437437437437211e+02
5.445445445445445785e+02
5.453453453453453221e+02
5.461461461461461795e+02
5.469469469469470368e+02
5.477477477477477805e+02
5.485485485485486379e+02
5.493493493493493816e+02
5.501501501501502389e+02
5.509509509509509826e+02
5.517517517517518399e+02
5.525525525525525836e+02
5.533533533533534410e+02
5.541541541541541847e+02
5.549549549549550420e+02
5.557557557557557857e+02
5.565565565565566430e+02
5.573573573573573867e+02
5.581581581581582441e+02
5.589589589589589878e+02
5.597597597597598451e+02
5.605605605605605888e+02
5.613613613613614461e+02
5.621621621621621898e+02
5.629629629629630472e+02
5.637637637637637908e+02
5.645645645645646482e+02
5.653653653653653919e+02
5.661661661661662492e+02
5.669669669669669929e+02
5.677677677677678503e+02
5.685685685685685939e+02
5.693693693693694513e+02
5.701701701701701950e+02
5.709709709709710523e+02
5.717717717717717960e+02
5.725725725725726534e+02
5.733733733733733970e+02
5.741741741741742544e+02
5.749749749749749981e+02
5.757757757757758554e+02
5.765765765765765991e+02
5.773773773773774565e+02
5.781781781781782001e+02
5.789789789789790575e+02
5.797797797797798012e+02
5.805805805805806585e+02
5.813813813813814022e+02
5.821821821821822596e+02
5.829829829829830032e+02
5.837837837837838606e+02
5.845845845845846043e+02
5.853853853853854616e+02
5.861861861861862053e+02
5.869869869869870627e+02
5.877877877877878063e+02
5.885885885885886637e+02
5.893893893893894074e+02
5.901901901901902647e+02
5.909909909909910084e+02
5.917917917917918658e+02
5.925925925925926094e+02
5.933933933933934668e+02
5.941941941941942105e+02
5.949949949949950678e+02
5.957957957957958115e+02
5.965965965965966689e+02
5.973973973973974125e+02
5.981981981981982699e+02
5.989989989989990136e+02
5.997997997997998709e+02
6.006006006006006146e+02
6.014014014014014720e+02
6.022022022022022156e+02
6.030030030030030730e+02
6.038038038038038167e+02
6.046046046046046740e+02
6.054054054054054177e+02
6.062062062062062751e+02
6.070070070070070187e+02
6.078078078078078761e+02
6.086086086086086198e+02
6.094094094094094771e+02
6.102102102102102208e+02
6.110110110110110782e+02
6.118118118118118218e+02
6.126126126126126792e+02
6.134134134134134229e+02
6.142142142142142802e+02
6.150150150150150239e+02
6.158158158158158813e+02
6.166166166166166249e+02
6.174174174174174823e+02
6.182182182182182260e+02
6.190190190190190833e+02
6.198198198198198270e+02
6.206206206206206843e+02
6.214214214214214280e+02
6.222222222222222854e+02
6.230230230230230291e+02
6.238238238238238864e+02
6.246246246246246301e+02
6.254254254254254874e+02
6.262262262262262311e+02
6.270270270270270885e+02
6.278278278278278322e+02
6.286286286286286895e+02
6.294294294294294332e+02
6.302302302302302905e+02
6.310310310310310342e+02
6.318318318318318916e+02
6.326326326326326353e+02
6.334334334334334926e+02
6.342342342342342363e+02
6.350350350350350936e+02
6.358358358358358373e+02
6.366366366366366947e+02
6.374374374374374383e+02
6.382382382382382957e+02
6.390390390390390394e+02
6.398398398398398967e+02
6.406406406406406404e+02
6.414414414414414978e+02
6.422422422422422414e+02
6.430430430430430988e+02
6.438438438438438425e+02
6.446446446446446998e+02
6.454454454454454435e+02
6.462462462462463009e+02
6.470470470470470445e+02
6.478478478478479019e+02
6.486486486486486456e+02
6.494494494494495029e+02
6.502502502502502466e+02
6.510510510510511040e+02
6.518518518518518476e+02
6.526526526526527050e+02
6.534534534534534487e+02
6.542542542542543060e+02
6.550550550550550497e+02
6.558558558558559071e+02
6.566566566566566507e+02
6.574574574574575081e+02
6.582582582582582518e+02
6.590590590590591091e+02
6.598598598598598528e+02
6.606606606606607102e+02
6.614614614614614538e+02
6.622622622622623112e+02
6.630630630630630549e+02
6.638638638638639122e+02
6.646646646646646559e+02
6.654654654654655133e+02
6.662662662662662569e+02
6.670670670670671143e+02
6.678678678678678580e+02
6.686686686686687153e+02
6.694694694694694590e+02
6.702702702702703164e+02
6.710710710710710600e+02
6.718718718718719174e+02
6.726726726726726611e+02
6.734734734734735184e+02
6.742742742742742621e+02
6.750750750750751195e+02
6.758758758758758631e+02
6.766766766766767205e+02
6.774774774774774642e+02
6.782782782782783215e+02
6.790790790790790652e+02
6.798798798798799226e+02
6.806806806806806662e+02
6.814814814814815236e+02
6.822822822822822673e+02
6.830830830830831246e+02
6.838838838838839820e+02
6.846846846846847257e+02
6.854854854854855830e+02
6.862862862862863267e+02
6.870870870870871840e+02
6.878878878878879277e+02
6.886886886886887851e+02
6.894894894894895288e+02
6.902902902902903861e+02
6.910910910910911298e+02
6.918918918918919871e+02
6.926926926926927308e+02
6.934934934934935882e+02
6.942942942942943318e+02
6.950950950950951892e+02
6.958958958958959329e+02
6.966966966966967902e+02
6.974974974974975339e+02
6.982982982982983913e+02
6.990990990990991349e+02
6.998998998998999923e+02
7.007007007007007360e+02
7.015015015015015933e+02
7.023023023023023370e+02
7.031031031031031944e+02
7.039039039039039380e+02
7.047047047047047954e+02
7.055055055055055391e+02
7.063063063063063964e+02
7.071071071071071401e+02
7.079079079079079975e+02
7.087087087087087411e+02
7.095095095095095985e+02
7.103103103103103422e+02
7.111111111111111995e+02
7.119119119119119432e+02
7.127127127127128006e+02
7.135135135135135442e+02
7.143143143143144016e+02
7.151151151151151453e+02
7.159159159159160026e+02
7.167167167167167463e+02
7.175175175175176037e+02
7.183183183183183473e+02
7.191191191191192047e+02
7.199199199199199484e+02
7.207207207207208057e+02
7.215215215215215494e+02
7.223223223223224068e+02
7.231231231231231504e+02
7.239239239239240078e+02
7.247247247247247515e+02
7.255255255255256088e+02
7.263263263263263525e+02
7.271271271271272099e+02
7.279279279279279535e+02
7.287287287287288109e+02
7.295295295295295546e+02
7.303303303303304119e+02
7.311311311311311556e+02
7.319319319319320130e+02
7.327327327327327566e+02
7.335335335335336140e+02
7.343343343343343577e+02
7.351351351351352150e+02
7.359359359359359587e+02
7.367367367367368161e+02
7.375375375375375597e+02
7.383383383383384171e+02
7.391391391391391608e+02
7.399399399399400181e+02
7.407407407407407618e+02
7.415415415415416192e+02
7.423423423423423628e+02
7.431431431431432202e+02
7.439439439439439639e+02
7.447447447447448212e+02
7.455455455455455649e+02
7.463463463463464223e+02
7.471471471471471659e+02
7.479479479479480233e+02
7.487487487487487670e+02
7.495495495495496243e+02
7.503503503503503680e+02
7.511511511511512253e+02
7.519519519519519690e+02
7.527527527527528264e+02
7.535535535535535701e+02
7.543543543543544274e+02
7.551551551551551711e+02
7.559559559559560284e+02
7.567567567567567721e+02
7.575575575575576295e+02
7.583583583583583732e+02
7.591591591591592305e+02
7.599599599599599742e+02
7.607607607607608315e+02
7.615615615615615752e+02
7.623623623623624326e+02
7.631631631631631763e+02
7.639639639639640336e+02
7.647647647647647773e+02
7.655655655655656346e+02
7.663663663663663783e+02
7.671671671671672357e+02
7.679679679679679793e+02
7.687687687687688367e+02
7.695695695695695804e+02
7.703703703703704377e+02
7.711711711711711814e+02
7.719719719719720388e+02
7.727727727727727824e+02
7.735735735735736398e+02
7.743743743743743835e+02
7.751751751751752408e+02
7.759759759759759845e+02
7.767767767767768419e+02
7.775775775775775855e+02
7.783783783783784429e+02
7.791791791791791866e+02
7.799799799799800439e+02
7.807807807807807876e+02
7.815815815815816450e+02
7.823823823823823886e+02
7.831831831831832460e+02
7.839839839839839897e+02
7.847847847847848470e+02
7.855855855855855907e+02
7.863863863863864481e+02
7.871871871871871917e+02
7.879879879879880491e+02
7.887887887887887928e+02
7.895895895895896501e+02
7.903903903903903938e+02
7.911911911911912512e+02
7.919919919919919948e+02
7.927927927927928522e+02
7.935935935935935959e+02
7.943943943943944532e+02
7.951951951951951969e+02
7.959959959959960543e+02
7.967967967967967979e+02
7.975975975975976553e+02
7.983983983983983990e+02
7.991991991991992563e+02
8.000000000000000000e+02
