5.374280883012721999e-02
5.373951783364128154e-02
5.373622671234212778e-02
5.373293546625229622e-02
5.372964409540798014e-02
5.372635259983743472e-02
5.372306097956786042e-02
5.371976923463983589e-02
5.371647736507073612e-02
5.371318537089220246e-02
5.370989325214264865e-02
5.370660100884222521e-02
5.370330864103473045e-02
5.370001614873259888e-02
5.369672353197657566e-02
5.369343079079191838e-02
5.369013792521060147e-02
5.368684493526387769e-02
5.368355182098505374e-02
5.368025858238928416e-02
5.367696521952375344e-02
5.367367173241238687e-02
5.367037812108210737e-02
5.366708438556710981e-02
5.366379052589131948e-02
5.366049654209770203e-02
5.365720243419613844e-02
5.365390820223603363e-02
5.365061384623515117e-02
5.364731936623418074e-02
5.364402476224966465e-02
5.364073003432368036e-02
5.363743518247471309e-02
5.363414020674472926e-02
5.363084510715926401e-02
5.362754988374168752e-02
5.362425453653024698e-02
5.362095906555702785e-02
5.361766347084834239e-02
5.361436775242678365e-02
5.361107191033109842e-02
5.360777594459564810e-02
5.360447985522975856e-02
5.360118364229005117e-02
5.359788730580272720e-02
5.359459084577977706e-02
5.359129426225445192e-02
5.358799755527821063e-02
5.358470072485782554e-02
5.358140377103715046e-02
5.357810669383422653e-02
5.357480949329274100e-02
5.357151216943717431e-02
5.356821472229222891e-02
5.356491715189382052e-02
5.356161945827925264e-02
5.355832164146301366e-02
5.355502370147730007e-02
5.355172563836746447e-02
5.354842745215537825e-02
5.354512914286474468e-02
5.354183071052354137e-02
5.353853215518195041e-02
5.353523347685312794e-02
5.353193467556988105e-02
5.352863575136312946e-02
5.352533670426751211e-02
5.352203753430462285e-02
5.351873824151121006e-02
5.351543882591774937e-02
5.351213928754888771e-02
5.350883962644331637e-02
5.350553984262779172e-02
5.350223993613051343e-02
5.349893990698068036e-02
5.349563975520743586e-02
5.349233948084114454e-02
5.348903908392688145e-02
5.348573856447735864e-02
5.348243792251833328e-02
5.347913715809893276e-02
5.347583627124452565e-02
5.347253526197781603e-02
5.346923413032922401e-02
5.346593287632894764e-02
5.346263150001939746e-02
5.345933000142188973e-02
5.345602838055807382e-02
5.345272663747280273e-02
5.344942477219144505e-02
5.344612278473970246e-02
5.344282067515049306e-02
5.343951844346533919e-02
5.343621608970011705e-02
5.343291361388019522e-02
5.342961101605542273e-02
5.342630829624611666e-02
5.342300545446865279e-02
5.341970249077915289e-02
5.341639940519443686e-02
5.341309619774309292e-02
5.340979286846153640e-02
5.340648941737752287e-02
5.340318584451986261e-02
5.339988214991886473e-02
5.339657833360150763e-02
5.339327439561381006e-02
5.338997033596848407e-02
5.338666615470372134e-02
5.338336185184461291e-02
5.338005742742935045e-02
5.337675288148502339e-02
5.337344821403960937e-02
5.337014342512752529e-02
5.336683851477502794e-02
5.336353348301509092e-02
5.336022832987502573e-02
5.335692305539468938e-02
5.335361765959562019e-02
5.335031214250407494e-02
5.334700650415741263e-02
5.334370074459043876e-02
5.334039486382752271e-02
5.333708886189403309e-02
5.333378273883271348e-02
5.333047649466743367e-02
5.332717012942195245e-02
5.332386364314189997e-02
5.332055703584698270e-02
5.331725030756573336e-02
5.331394345833495585e-02
5.331063648819100997e-02
5.330732939715043806e-02
5.330402218524765701e-02
5.330071485251419716e-02
5.329740739899130331e-02
5.329409982468996665e-02
5.329079212964904499e-02
5.328748431390367690e-02
5.328417637748367186e-02
5.328086832041956100e-02
5.327756014273560270e-02
5.327425184446038520e-02
5.327094342563259977e-02
5.326763488628344367e-02
5.326432622644095005e-02
5.326101744613409572e-02
5.325770854539668697e-02
5.325439952424776413e-02
5.325109038273934114e-02
5.324778112088363047e-02
5.324447173872054462e-02
5.324116223626851330e-02
5.323785261356928089e-02
5.323454287065354507e-02
5.323123300754500908e-02
5.322792302428097644e-02
5.322461292089752938e-02
5.322130269741220943e-02
5.321799235385610283e-02
5.321468189026457019e-02
5.321137130667508153e-02
5.320806060310778740e-02
5.320474977958844498e-02
5.320143883617073355e-02
5.319812777286397898e-02
5.319481658969893445e-02
5.319150528671889866e-02
5.318819386394452176e-02
5.318488232141371785e-02
5.318157065915235515e-02
5.317825887719801470e-02
5.317494697556851557e-02
5.317163495429994002e-02
5.316832281342526167e-02
5.316501055298067380e-02
5.316169817298738165e-02
5.315838567347103139e-02
5.315507305447342290e-02
5.315176031603358053e-02
5.314844745816321714e-02
5.314513448089175363e-02
5.314182138427037128e-02
5.313850816831694468e-02
5.313519483306106128e-02
5.313188137854002457e-02
5.312856780477182017e-02
5.312525411180685220e-02
5.312194029965827680e-02
5.311862636836384155e-02
5.311531231795513230e-02
5.311199814845329881e-02
5.310868385989980789e-02
5.310536945233490513e-02
5.310205492576364206e-02
5.309874028023026105e-02
5.309542551577595138e-02
5.309211063241292550e-02
5.308879563017782077e-02
5.308548050910705252e-02
5.308216526922604483e-02
5.307884991057171264e-02
5.307553443316942454e-02
5.307221883704915655e-02
5.306890312224687989e-02
5.306558728879334774e-02
5.306227133670005092e-02
5.305895526603243706e-02
5.305563907679222702e-02
5.305232276902682731e-02
5.304900634275155902e-02
5.304568979801099760e-02
5.304237313483278760e-02
5.303905635324140944e-02
5.303573945328321493e-02
5.303242243497696684e-02
5.302910529834820030e-02
5.302578804343266450e-02
5.302247067027560101e-02
5.301915317888550305e-02
5.301583556930283825e-02
5.301251784156624236e-02
5.300919999568942664e-02
5.300588203172396096e-02
5.300256394968128060e-02
5.299924574959841150e-02
5.299592743152303775e-02
5.299260899545998882e-02
5.298929044145084255e-02
5.298597176953140364e-02
5.298265297973192567e-02
5.297933407207738865e-02
5.297601504659560367e-02
5.297269590332914779e-02
5.296937664229861564e-02
5.296605726353692534e-02
5.296273776708493308e-02
5.295941815296467681e-02
5.295609842120724275e-02
5.295277857184121917e-02
5.294945860490041234e-02
5.294613852041918367e-02
5.294281831843378194e-02
5.293949799895270036e-02
5.293617756202362301e-02
5.293285700768257662e-02
5.292953633594071894e-02
5.292621554685461582e-02
5.292289464044125369e-02
5.291957361673049753e-02
