1.655000000000000000e+02
1.655048192771084246e+02
1.655096385542168775e+02
1.655144578313253021e+02
1.655192771084337267e+02
1.655240963855421796e+02
1.655289156626506042e+02
1.655337349397590287e+02
1.655385542168674817e+02
1.655433734939759063e+02
1.655481927710843308e+02
1.655530120481927838e+02
1.655578313253012084e+02
1.655626506024096329e+02
1.655674698795180575e+02
1.655722891566265105e+02
1.655771084337349350e+02
1.655819277108433596e+02
1.655867469879518126e+02
1.655915662650602371e+02
1.655963855421686617e+02
1.656012048192771147e+02
1.656060240963855392e+02
1.656108433734939638e+02
1.656156626506024168e+02
1.656204819277108413e+02
1.656253012048192659e+02
1.656301204819277189e+02
1.656349397590361434e+02
1.656397590361445680e+02
1.656445783132530210e+02
1.656493975903614455e+02
1.656542168674698701e+02
1.656590361445783230e+02
1.656638554216867476e+02
1.656686746987951722e+02
1.656734939759036251e+02
1.656783132530120497e+02
1.656831325301204743e+02
1.656879518072289272e+02
1.656927710843373518e+02
1.656975903614457764e+02
1.657024096385542009e+02
1.657072289156626539e+02
1.657120481927710784e+02
1.657168674698795030e+02
1.657216867469879560e+02
1.657265060240963805e+02
1.657313253012048051e+02
1.657361445783132581e+02
1.657409638554216826e+02
1.657457831325301072e+02
1.657506024096385602e+02
1.657554216867469847e+02
1.657602409638554093e+02
1.657650602409638623e+02
1.657698795180722868e+02
1.657746987951807114e+02
1.657795180722891644e+02
1.657843373493975889e+02
1.657891566265060135e+02
1.657939759036144665e+02
1.657987951807228910e+02
1.658036144578313156e+02
1.658084337349397686e+02
1.658132530120481931e+02
1.658180722891566177e+02
1.658228915662650707e+02
1.658277108433734952e+02
1.658325301204819198e+02
1.658373493975903443e+02
1.658421686746987973e+02
1.658469879518072219e+02
1.658518072289156464e+02
1.658566265060240994e+02
1.658614457831325240e+02
1.658662650602409485e+02
1.658710843373494015e+02
1.658759036144578261e+02
1.658807228915662506e+02
1.658855421686747036e+02
1.658903614457831281e+02
1.658951807228915527e+02
1.659000000000000057e+02
1.659048192771084302e+02
1.659096385542168548e+02
1.659144578313253078e+02
1.659192771084337323e+02
1.659240963855421569e+02
1.659289156626506099e+02
1.659337349397590344e+02
1.659385542168674590e+02
1.659433734939759120e+02
1.659481927710843365e+02
1.659530120481927611e+02
1.659578313253012141e+02
1.659626506024096386e+02
1.659674698795180632e+02
1.659722891566264877e+02
1.659771084337349407e+02
1.659819277108433653e+02
1.659867469879517898e+02
1.659915662650602428e+02
1.659963855421686674e+02
1.660012048192770919e+02
1.660060240963855449e+02
1.660108433734939695e+02
1.660156626506023940e+02
1.660204819277108470e+02
1.660253012048192716e+02
1.660301204819276961e+02
1.660349397590361491e+02
1.660397590361445737e+02
1.660445783132529982e+02
1.660493975903614512e+02
1.660542168674698758e+02
1.660590361445783003e+02
1.660638554216867533e+02
1.660686746987951778e+02
1.660734939759036024e+02
1.660783132530120554e+02
1.660831325301204799e+02
1.660879518072289045e+02
1.660927710843373575e+02
1.660975903614457820e+02
1.661024096385542066e+02
1.661072289156626312e+02
1.661120481927710841e+02
1.661168674698795087e+02
1.661216867469879332e+02
1.661265060240963862e+02
1.661313253012048108e+02
1.661361445783132353e+02
1.661409638554216883e+02
1.661457831325301129e+02
1.661506024096385374e+02
1.661554216867469904e+02
1.661602409638554150e+02
1.661650602409638395e+02
1.661698795180722925e+02
1.661746987951807171e+02
1.661795180722891416e+02
1.661843373493975946e+02
1.661891566265060192e+02
1.661939759036144437e+02
1.661987951807228967e+02
1.662036144578313213e+02
1.662084337349397458e+02
1.662132530120481988e+02
1.662180722891566234e+02
1.662228915662650479e+02
1.662277108433735009e+02
1.662325301204819255e+02
1.662373493975903500e+02
1.662421686746987746e+02
1.662469879518072275e+02
1.662518072289156521e+02
1.662566265060240767e+02
1.662614457831325296e+02
1.662662650602409542e+02
1.662710843373493788e+02
1.662759036144578317e+02
1.662807228915662563e+02
1.662855421686746809e+02
1.662903614457831338e+02
1.662951807228915584e+02
1.662999999999999829e+02
1.663048192771084359e+02
1.663096385542168605e+02
1.663144578313252850e+02
1.663192771084337380e+02
1.663240963855421626e+02
1.663289156626505871e+02
1.663337349397590401e+02
1.663385542168674647e+02
1.663433734939758892e+02
1.663481927710843422e+02
1.663530120481927668e+02
1.663578313253011913e+02
1.663626506024096443e+02
1.663674698795180689e+02
1.663722891566264934e+02
1.663771084337349180e+02
1.663819277108433710e+02
1.663867469879517955e+02
1.663915662650602201e+02
1.663963855421686731e+02
1.664012048192770976e+02
1.664060240963855222e+02
1.664108433734939752e+02
1.664156626506023997e+02
1.664204819277108243e+02
1.664253012048192772e+02
1.664301204819277018e+02
1.664349397590361264e+02
1.664397590361445793e+02
1.664445783132530039e+02
1.664493975903614285e+02
1.664542168674698814e+02
1.664590361445783060e+02
1.664638554216867306e+02
1.664686746987951835e+02
1.664734939759036081e+02
1.664783132530120326e+02
1.664831325301204856e+02
1.664879518072289102e+02
1.664927710843373347e+02
1.664975903614457877e+02
1.665024096385542123e+02
1.665072289156626368e+02
1.665120481927710614e+02
1.665168674698795144e+02
1.665216867469879389e+02
1.665265060240963635e+02
1.665313253012048165e+02
1.665361445783132410e+02
1.665409638554216656e+02
1.665457831325301186e+02
1.665506024096385431e+02
1.665554216867469677e+02
1.665602409638554207e+02
1.665650602409638452e+02
1.665698795180722698e+02
1.665746987951807228e+02
1.665795180722891473e+02
1.665843373493975719e+02
1.665891566265060248e+02
1.665939759036144494e+02
1.665987951807228740e+02
1.666036144578313269e+02
1.666084337349397515e+02
1.666132530120481761e+02
1.666180722891566290e+02
1.666228915662650536e+02
1.666277108433734782e+02
1.666325301204819311e+02
1.666373493975903557e+02
1.666421686746987803e+02
1.666469879518072048e+02
1.666518072289156578e+02
1.666566265060240823e+02
1.666614457831325069e+02
1.666662650602409599e+02
1.666710843373493844e+02
1.666759036144578090e+02
1.666807228915662620e+02
1.666855421686746865e+02
1.666903614457831111e+02
1.666951807228915641e+02
1.666999999999999886e+02
